1.383000000000000000e+03
1.272000000000000000e+03
1.393000000000000000e+03
1.593000000000000000e+03
1.342000000000000000e+03
2.074000000000000000e+03
1.773000000000000000e+03
9.420000000000000000e+02
1.243000000000000000e+03
1.543000000000000000e+03
1.292000000000000000e+03
1.412000000000000000e+03
1.402000000000000000e+03
1.573000000000000000e+03
2.004000000000000000e+03
1.513000000000000000e+03
1.713000000000000000e+03
9.520000000000000000e+02
1.893000000000000000e+03
1.392000000000000000e+03
9.620000000000000000e+02
1.563000000000000000e+03
1.563000000000000000e+03
1.643000000000000000e+03
1.243000000000000000e+03
1.413000000000000000e+03
1.893000000000000000e+03
1.633000000000000000e+03
8.620000000000000000e+02
2.525000000000000000e+03
2.415000000000000000e+03
3.596000000000000000e+03
3.477000000000000000e+03
3.096000000000000000e+03
2.474000000000000000e+03
3.717000000000000000e+03
2.956000000000000000e+03
3.166000000000000000e+03
1.643000000000000000e+03
2.725000000000000000e+03
3.557000000000000000e+03
3.126000000000000000e+03
3.186000000000000000e+03
2.716000000000000000e+03
3.096000000000000000e+03
4.569000000000000000e+03
2.655000000000000000e+03
2.725000000000000000e+03
2.725000000000000000e+03
2.345000000000000000e+03
2.655000000000000000e+03
1.473000000000000000e+03
2.264000000000000000e+03
3.116000000000000000e+03
2.575000000000000000e+03
2.545000000000000000e+03
3.347000000000000000e+03
3.347000000000000000e+03
1.733000000000000000e+03
3.607000000000000000e+03
1.834000000000000000e+03
2.515000000000000000e+03
2.745000000000000000e+03
3.878000000000000000e+03
3.116000000000000000e+03
1.944000000000000000e+03
2.745000000000000000e+03
3.486000000000000000e+03
3.297000000000000000e+03
2.304000000000000000e+03
2.705000000000000000e+03
2.575000000000000000e+03
3.597000000000000000e+03
2.585000000000000000e+03
2.575000000000000000e+03
1.894000000000000000e+03
1.974000000000000000e+03
1.493000000000000000e+03
1.443000000000000000e+03
2.625000000000000000e+03
1.443000000000000000e+03
1.313000000000000000e+03
1.663000000000000000e+03
2.154000000000000000e+03
1.643000000000000000e+03
1.683000000000000000e+03
1.293000000000000000e+03
1.854000000000000000e+03
2.264000000000000000e+03
9.320000000000000000e+02
2.334000000000000000e+03
1.663000000000000000e+03
1.433000000000000000e+03
8.920000000000000000e+02
1.282000000000000000e+03
1.673000000000000000e+03
1.382000000000000000e+03
1.733000000000000000e+03
1.503000000000000000e+03
1.493000000000000000e+03
2.104000000000000000e+03
1.623000000000000000e+03
1.543000000000000000e+03
1.673000000000000000e+03
1.152000000000000000e+03
2.395000000000000000e+03
2.364000000000000000e+03
2.114000000000000000e+03
1.653000000000000000e+03
1.251400000000000000e+04
1.042000000000000000e+03
8.110000000000000000e+02
1.372000000000000000e+03
1.643000000000000000e+03
1.623000000000000000e+03
1.503000000000000000e+03
1.372000000000000000e+03
1.553000000000000000e+03
1.533000000000000000e+03
1.282000000000000000e+03
2.044000000000000000e+03
1.422000000000000000e+03
1.553000000000000000e+03
1.362000000000000000e+03
1.794000000000000000e+03
1.412000000000000000e+03
1.392000000000000000e+03
1.383000000000000000e+03
2.454000000000000000e+03
1.794000000000000000e+03
1.874000000000000000e+03
1.773000000000000000e+03
1.604000000000000000e+03
1.583000000000000000e+03
1.863000000000000000e+03
1.212000000000000000e+03
1.493000000000000000e+03
8.610000000000000000e+02
1.694000000000000000e+03
1.422000000000000000e+03
1.483000000000000000e+03
1.693000000000000000e+03
1.623000000000000000e+03
1.212000000000000000e+03
1.573000000000000000e+03
1.974000000000000000e+03
1.462000000000000000e+03
1.383000000000000000e+03
1.402000000000000000e+03
2.064000000000000000e+03
1.733000000000000000e+03
9.520000000000000000e+02
1.443000000000000000e+03
1.573000000000000000e+03
1.432000000000000000e+03
1.783000000000000000e+03
1.573000000000000000e+03
1.613000000000000000e+03
2.254000000000000000e+03
1.443000000000000000e+03
1.794000000000000000e+03
1.262000000000000000e+03
1.513000000000000000e+03
1.833000000000000000e+03
1.934000000000000000e+03
1.633000000000000000e+03
1.723000000000000000e+03
1.373000000000000000e+03
1.693000000000000000e+03
1.583000000000000000e+03
1.684000000000000000e+03
8.110000000000000000e+02
1.482000000000000000e+03
1.633000000000000000e+03
2.054000000000000000e+03
1.703000000000000000e+03
1.482000000000000000e+03
1.603000000000000000e+03
2.434000000000000000e+03
1.193000000000000000e+03
1.643000000000000000e+03
1.603000000000000000e+03
8.120000000000000000e+02
1.643000000000000000e+03
1.403000000000000000e+03
1.684000000000000000e+03
2.715000000000000000e+03
3.106000000000000000e+03
2.114000000000000000e+03
3.667000000000000000e+03
2.985000000000000000e+03
3.346000000000000000e+03
1.683000000000000000e+03
2.956000000000000000e+03
2.776000000000000000e+03
3.346000000000000000e+03
2.204000000000000000e+03
3.106000000000000000e+03
2.946000000000000000e+03
3.947000000000000000e+03
3.717000000000000000e+03
4.138000000000000000e+03
2.635000000000000000e+03
2.966000000000000000e+03
2.485000000000000000e+03
3.567000000000000000e+03
2.765000000000000000e+03
3.747000000000000000e+03
2.865000000000000000e+03
3.186000000000000000e+03
2.465000000000000000e+03
4.790000000000000000e+03
3.737000000000000000e+03
2.154000000000000000e+03
2.104000000000000000e+03
2.385000000000000000e+03
2.164000000000000000e+03
1.503000000000000000e+03
1.303000000000000000e+03
1.723000000000000000e+03
1.182000000000000000e+03
1.232000000000000000e+03
7.810000000000000000e+02
1.523000000000000000e+03
1.272000000000000000e+03
3.567000000000000000e+03
3.407000000000000000e+03
2.966000000000000000e+03
2.825000000000000000e+03
3.286000000000000000e+03
1.977700000000000000e+04
2.652100000000000000e+04
2.545000000000000000e+03
3.447000000000000000e+03
3.025000000000000000e+03
2.805000000000000000e+03
2.515000000000000000e+03
3.327000000000000000e+03
2.815000000000000000e+03
2.474000000000000000e+03
3.056000000000000000e+03
3.367000000000000000e+03
3.406000000000000000e+03
1.753000000000000000e+03
1.844000000000000000e+03
3.376000000000000000e+03
3.306000000000000000e+03
2.595000000000000000e+03
3.016000000000000000e+03
3.116000000000000000e+03
3.998000000000000000e+03
2.886000000000000000e+03
2.906000000000000000e+03
3.045000000000000000e+03
2.956000000000000000e+03
3.056000000000000000e+03
2.655000000000000000e+03
3.196000000000000000e+03
2.725000000000000000e+03
2.685000000000000000e+03
2.815000000000000000e+03
3.457000000000000000e+03
2.244000000000000000e+03
1.894000000000000000e+03
1.243000000000000000e+03
1.072000000000000000e+03
1.843000000000000000e+03
2.013000000000000000e+03
1.383000000000000000e+03
9.620000000000000000e+02
1.192000000000000000e+03
1.683000000000000000e+03
1.363000000000000000e+03
2.766000000000000000e+03
1.884000000000000000e+03
1.383000000000000000e+03
1.462000000000000000e+03
1.764000000000000000e+03
1.934000000000000000e+03
9.420000000000000000e+02
1.422000000000000000e+03
1.533000000000000000e+03
1.673000000000000000e+03
1.513000000000000000e+03
1.733000000000000000e+03
1.372000000000000000e+03
9.220000000000000000e+02
1.172000000000000000e+03
1.843000000000000000e+03
1.433000000000000000e+03
1.232000000000000000e+03
1.643000000000000000e+03
2.124000000000000000e+03
1.222000000000000000e+03
1.673000000000000000e+03
1.443000000000000000e+03
1.784000000000000000e+03
1.503000000000000000e+03
1.633000000000000000e+03
1.393000000000000000e+03
1.332000000000000000e+03
1.233000000000000000e+03
2.104000000000000000e+03
1.673000000000000000e+03
1.743000000000000000e+03
1.142000000000000000e+03
1.273000000000000000e+03
1.293000000000000000e+03
9.320000000000000000e+02
1.463000000000000000e+03
1.352000000000000000e+03
1.263000000000000000e+03
1.513000000000000000e+03
1.723000000000000000e+03
9.920000000000000000e+02
1.583000000000000000e+03
1.713000000000000000e+03
1.173000000000000000e+03
1.322000000000000000e+03
1.683000000000000000e+03
1.382000000000000000e+03
2.866000000000000000e+03
2.565000000000000000e+03
3.377000000000000000e+03
2.024000000000000000e+03
1.724000000000000000e+03
1.433000000000000000e+03
9.920000000000000000e+02
1.423000000000000000e+03
2.164000000000000000e+03
1.553000000000000000e+03
4.229000000000000000e+03
2.485000000000000000e+03
1.753000000000000000e+03
7.410000000000000000e+02
1.522000000000000000e+03
1.092000000000000000e+03
1.413000000000000000e+03
1.483000000000000000e+03
1.824000000000000000e+03
1.512000000000000000e+03
1.353000000000000000e+03
1.242000000000000000e+03
1.754000000000000000e+03
1.974000000000000000e+03
7.810000000000000000e+02
1.604000000000000000e+03
1.553000000000000000e+03
1.663000000000000000e+03
1.123000000000000000e+03
1.553000000000000000e+03
1.653000000000000000e+03
1.954000000000000000e+03
1.723000000000000000e+03
1.273000000000000000e+03
1.663000000000000000e+03
1.653000000000000000e+03
1.523000000000000000e+03
1.392000000000000000e+03
1.342000000000000000e+03
1.633000000000000000e+03
1.663000000000000000e+03
1.403000000000000000e+03
1.844000000000000000e+03
1.663000000000000000e+03
1.393000000000000000e+03
2.054000000000000000e+03
1.533000000000000000e+03
1.353000000000000000e+03
1.262000000000000000e+03
1.353000000000000000e+03
1.182000000000000000e+03
1.723000000000000000e+03
1.322000000000000000e+03
2.074000000000000000e+03
1.783000000000000000e+03
8.320000000000000000e+02
1.283000000000000000e+03
1.372000000000000000e+03
1.773000000000000000e+03
1.483000000000000000e+03
1.423000000000000000e+03
1.352000000000000000e+03
1.633000000000000000e+03
1.533000000000000000e+03
1.733000000000000000e+03
1.543000000000000000e+03
1.432000000000000000e+03
1.472000000000000000e+03
1.403000000000000000e+03
1.793000000000000000e+03
1.302000000000000000e+03
7.610000000000000000e+02
1.192000000000000000e+03
1.703000000000000000e+03
1.412000000000000000e+03
1.653000000000000000e+03
7.820000000000000000e+02
1.893000000000000000e+03
1.563000000000000000e+03
1.784000000000000000e+03
1.382000000000000000e+03
1.623000000000000000e+03
1.192000000000000000e+03
1.724000000000000000e+03
1.513000000000000000e+03
1.472000000000000000e+03
8.610000000000000000e+02
1.333000000000000000e+03
1.453000000000000000e+03
1.403000000000000000e+03
2.515000000000000000e+03
1.433000000000000000e+03
1.352000000000000000e+03
1.462000000000000000e+03
1.503000000000000000e+03
1.282000000000000000e+03
1.122200000000000000e+04
1.313000000000000000e+03
1.463000000000000000e+03
1.383000000000000000e+03
1.422000000000000000e+03
1.252000000000000000e+03
1.162000000000000000e+03
1.092000000000000000e+03
2.765000000000000000e+03
1.643000000000000000e+03
1.413000000000000000e+03
1.213000000000000000e+03
1.222000000000000000e+03
1.713000000000000000e+03
1.262000000000000000e+03
1.282000000000000000e+03
1.212000000000000000e+03
1.673000000000000000e+03
6.420000000000000000e+02
9.720000000000000000e+02
1.533000000000000000e+03
1.733000000000000000e+03
1.272000000000000000e+03
1.573000000000000000e+03
1.704000000000000000e+03
1.413000000000000000e+03
1.372000000000000000e+03
8.810000000000000000e+02
1.463000000000000000e+03
1.173000000000000000e+03
1.813000000000000000e+03
1.162000000000000000e+03
1.242000000000000000e+03
1.263000000000000000e+03
1.543000000000000000e+03
1.644000000000000000e+03
1.613000000000000000e+03
1.503000000000000000e+03
2.705000000000000000e+03
1.473000000000000000e+03
1.924000000000000000e+03
1.383000000000000000e+03
1.433000000000000000e+03
1.463000000000000000e+03
1.864000000000000000e+03
1.593000000000000000e+03
1.312000000000000000e+03
1.563000000000000000e+03
1.483000000000000000e+03
1.373000000000000000e+03
1.753000000000000000e+03
1.533000000000000000e+03
1.573000000000000000e+03
1.363000000000000000e+03
1.483000000000000000e+03
1.313000000000000000e+03
1.132000000000000000e+03
1.243000000000000000e+03
1.953000000000000000e+03
1.423000000000000000e+03
9.920000000000000000e+02
1.733000000000000000e+03
1.042000000000000000e+03
1.203000000000000000e+03
1.353000000000000000e+03
1.693000000000000000e+03
1.453000000000000000e+03
1.302000000000000000e+03
1.322000000000000000e+03
2.064000000000000000e+03
1.012000000000000000e+03
1.593000000000000000e+03
1.623000000000000000e+03
1.483000000000000000e+03
1.633000000000000000e+03
1.804000000000000000e+03
1.242000000000000000e+03
2.074000000000000000e+03
2.174000000000000000e+03
1.843000000000000000e+03
2.756000000000000000e+03
1.724000000000000000e+03
1.122000000000000000e+03
1.323000000000000000e+03
1.703000000000000000e+03
1.273000000000000000e+03
1.313000000000000000e+03
1.252000000000000000e+03
3.126000000000000000e+03
2.054000000000000000e+03
3.827000000000000000e+03
2.866000000000000000e+03
1.833000000000000000e+03
2.746000000000000000e+03
3.146000000000000000e+03
2.444000000000000000e+03
2.685000000000000000e+03
2.795000000000000000e+03
3.266000000000000000e+03
2.676000000000000000e+03
2.595000000000000000e+03
2.795000000000000000e+03
1.653000000000000000e+03
1.082000000000000000e+03
1.363000000000000000e+03
1.403000000000000000e+03
1.112000000000000000e+03
1.132000000000000000e+03
1.273000000000000000e+03
1.753000000000000000e+03
1.142000000000000000e+03
1.253000000000000000e+03
3.226000000000000000e+03
2.305000000000000000e+03
1.663000000000000000e+03
1.253000000000000000e+03
1.833000000000000000e+03
1.212000000000000000e+03
1.363000000000000000e+03
1.393000000000000000e+03
1.253000000000000000e+03
1.133000000000000000e+03
1.724000000000000000e+03
1.152000000000000000e+03
1.493000000000000000e+03
1.393000000000000000e+03
2.114000000000000000e+03
1.373000000000000000e+03
1.473000000000000000e+03
1.453000000000000000e+03
1.923000000000000000e+03
1.092000000000000000e+03
2.394000000000000000e+03
1.964000000000000000e+03
3.307000000000000000e+03
1.483000000000000000e+03
1.573000000000000000e+03
1.333000000000000000e+03
1.533000000000000000e+03
1.863000000000000000e+03
3.567000000000000000e+03
1.764000000000000000e+03
2.214000000000000000e+03
1.834000000000000000e+03
1.854000000000000000e+03
1.693000000000000000e+03
1.503000000000000000e+03
1.823000000000000000e+03
1.924000000000000000e+03
1.353000000000000000e+03
2.114000000000000000e+03
1.723000000000000000e+03
1.533000000000000000e+03
2.034000000000000000e+03
1.243000000000000000e+03
1.533000000000000000e+03
1.362000000000000000e+03
1.713000000000000000e+03
1.613000000000000000e+03
1.673000000000000000e+03
1.337600000000000000e+04
1.533000000000000000e+03
1.283000000000000000e+03
3.036000000000000000e+03
1.092000000000000000e+03
1.743000000000000000e+03
1.613000000000000000e+03
1.603000000000000000e+03
2.495000000000000000e+03
1.924000000000000000e+03
2.144000000000000000e+03
1.703000000000000000e+03
1.763000000000000000e+03
1.683000000000000000e+03
1.513000000000000000e+03
1.683000000000000000e+03
1.523000000000000000e+03
1.763000000000000000e+03
1.413000000000000000e+03
1.432000000000000000e+03
2.054000000000000000e+03
2.033000000000000000e+03
1.002000000000000000e+03
1.854000000000000000e+03
7.510000000000000000e+02
1.393000000000000000e+03
1.583000000000000000e+03
1.854000000000000000e+03
8.420000000000000000e+02
1.383000000000000000e+03
1.253000000000000000e+03
1.634000000000000000e+03
1.423000000000000000e+03
1.303000000000000000e+03
1.883000000000000000e+03
1.963000000000000000e+03
1.413000000000000000e+03
1.343000000000000000e+03
1.543000000000000000e+03
1.342000000000000000e+03
1.182000000000000000e+03
1.413000000000000000e+03
1.964000000000000000e+03
1.383000000000000000e+03
1.673000000000000000e+03
1.583000000000000000e+03
1.412000000000000000e+03
1.122000000000000000e+03
1.783000000000000000e+03
1.493000000000000000e+03
1.332000000000000000e+03
1.423000000000000000e+03
1.492000000000000000e+03
1.353000000000000000e+03
1.913000000000000000e+03
1.283000000000000000e+03
1.313000000000000000e+03
1.784000000000000000e+03
1.953000000000000000e+03
1.523000000000000000e+03
1.102000000000000000e+03
1.593000000000000000e+03
2.514000000000000000e+03
1.593000000000000000e+03
1.643000000000000000e+03
1.363000000000000000e+03
1.933000000000000000e+03
1.262000000000000000e+03
1.593000000000000000e+03
3.236000000000000000e+03
2.975000000000000000e+03
1.773000000000000000e+03
3.045000000000000000e+03
2.956000000000000000e+03
2.545000000000000000e+03
3.116000000000000000e+03
2.675000000000000000e+03
1.863000000000000000e+03
2.495000000000000000e+03
2.905000000000000000e+03
2.475000000000000000e+03
2.304000000000000000e+03
2.425000000000000000e+03
1.963000000000000000e+03
1.683000000000000000e+03
1.443000000000000000e+03
1.293000000000000000e+03
8.720000000000000000e+02
1.453000000000000000e+03
1.403000000000000000e+03
1.183000000000000000e+03
1.122000000000000000e+03
2.044000000000000000e+03
1.844000000000000000e+03
1.743000000000000000e+03
8.520000000000000000e+02
1.282000000000000000e+03
1.292000000000000000e+03
1.744000000000000000e+03
1.333000000000000000e+03
1.824000000000000000e+03
1.212000000000000000e+03
1.623000000000000000e+03
1.102000000000000000e+03
8.010000000000000000e+02
1.723000000000000000e+03
1.262000000000000000e+03
1.192000000000000000e+03
2.154000000000000000e+03
2.655000000000000000e+03
2.745000000000000000e+03
1.814000000000000000e+03
1.462000000000000000e+03
1.783000000000000000e+03
8.020000000000000000e+02
1.793000000000000000e+03
8.310000000000000000e+02
1.873000000000000000e+03
1.352000000000000000e+03
1.614000000000000000e+03
1.443000000000000000e+03
1.503000000000000000e+03
1.653000000000000000e+03
1.874000000000000000e+03
1.804000000000000000e+03
1.323000000000000000e+03
1.322000000000000000e+03
1.472000000000000000e+03
1.493000000000000000e+03
1.823000000000000000e+03
1.673000000000000000e+03
2.766000000000000000e+03
2.234000000000000000e+03
1.553000000000000000e+03
2.014000000000000000e+03
1.042000000000000000e+03
1.483000000000000000e+03
1.333000000000000000e+03
1.723000000000000000e+03
1.283000000000000000e+03
1.452000000000000000e+03
1.313000000000000000e+03
8.710000000000000000e+02
1.072000000000000000e+03
1.302000000000000000e+03
2.415000000000000000e+03
1.423000000000000000e+03
1.312000000000000000e+03
1.232000000000000000e+03
1.783000000000000000e+03
1.533000000000000000e+03
1.363000000000000000e+03
1.633000000000000000e+03
1.493000000000000000e+03
1.984000000000000000e+03
1.683000000000000000e+03
1.002000000000000000e+03
8.720000000000000000e+02
1.433000000000000000e+03
1.793000000000000000e+03
1.473000000000000000e+03
1.463000000000000000e+03
1.372000000000000000e+03
1.814000000000000000e+03
1.333000000000000000e+03
1.333000000000000000e+03
1.523000000000000000e+03
1.633000000000000000e+03
1.533000000000000000e+03
1.423000000000000000e+03
1.683000000000000000e+03
1.543000000000000000e+03
1.463000000000000000e+03
1.483000000000000000e+03
1.312000000000000000e+03
1.423000000000000000e+03
1.473000000000000000e+03
7.710000000000000000e+02
1.272000000000000000e+03
1.283000000000000000e+03
1.623000000000000000e+03
1.383000000000000000e+03
1.322000000000000000e+03
1.353000000000000000e+03
1.734000000000000000e+03
2.725000000000000000e+03
2.605000000000000000e+03
1.863000000000000000e+03
2.154000000000000000e+03
2.094000000000000000e+03
2.645000000000000000e+03
1.553000000000000000e+03
9.020000000000000000e+02
1.302000000000000000e+03
1.753000000000000000e+03
1.383000000000000000e+03
3.186000000000000000e+03
1.312000000000000000e+03
1.533000000000000000e+03
1.222000000000000000e+03
9.020000000000000000e+02
1.092000000000000000e+03
1.133000000000000000e+03
1.152000000000000000e+03
1.933000000000000000e+03
1.222000000000000000e+03
1.403000000000000000e+03
8.720000000000000000e+02
1.493000000000000000e+03
2.484000000000000000e+03
1.383000000000000000e+03
1.413000000000000000e+03
1.273000000000000000e+03
1.233000000000000000e+03
1.322000000000000000e+03
1.292000000000000000e+03
1.643000000000000000e+03
1.412000000000000000e+03
8.610000000000000000e+02
1.192000000000000000e+03
1.062000000000000000e+03
1.533000000000000000e+03
1.242000000000000000e+03
1.152000000000000000e+03
1.353000000000000000e+03
1.242000000000000000e+03
1.242000000000000000e+03
2.004000000000000000e+03
1.744000000000000000e+03
1.533000000000000000e+03
1.533000000000000000e+03
1.422000000000000000e+03
1.764000000000000000e+03
1.482000000000000000e+03
2.024000000000000000e+03
2.024000000000000000e+03
1.623000000000000000e+03
1.644000000000000000e+03
1.403000000000000000e+03
1.433000000000000000e+03
1.623000000000000000e+03
1.683000000000000000e+03
1.102000000000000000e+03
1.704000000000000000e+03
1.984000000000000000e+03
2.144000000000000000e+03
1.502000000000000000e+03
1.343000000000000000e+03
2.244000000000000000e+03
1.102000000000000000e+03
1.483000000000000000e+03
1.242000000000000000e+03
1.543000000000000000e+03
1.313000000000000000e+03
1.423000000000000000e+03
9.120000000000000000e+02
1.733000000000000000e+03
1.252000000000000000e+03
1.954000000000000000e+03
1.984000000000000000e+03
1.643000000000000000e+03
1.553000000000000000e+03
1.653000000000000000e+03
1.422000000000000000e+03
1.413000000000000000e+03
1.603000000000000000e+03
1.844000000000000000e+03
1.402000000000000000e+03
2.034000000000000000e+03
1.082000000000000000e+03
1.513000000000000000e+03
1.503000000000000000e+03
1.623000000000000000e+03
1.513000000000000000e+03
1.844000000000000000e+03
1.502000000000000000e+03
1.784000000000000000e+03
1.313000000000000000e+03
1.072000000000000000e+03
1.654000000000000000e+03
1.453000000000000000e+03
1.273000000000000000e+03
1.753000000000000000e+03
1.704000000000000000e+03
9.220000000000000000e+02
1.383000000000000000e+03
1.293000000000000000e+03
1.883000000000000000e+03
1.433000000000000000e+03
1.503000000000000000e+03
1.463000000000000000e+03
1.433000000000000000e+03
1.423000000000000000e+03
1.593000000000000000e+03
1.292000000000000000e+03
1.443000000000000000e+03
8.520000000000000000e+02
1.663000000000000000e+03
1.383000000000000000e+03
1.803000000000000000e+03
1.102000000000000000e+03
1.422000000000000000e+03
1.233000000000000000e+03
1.503000000000000000e+03
1.223000000000000000e+03
1.312000000000000000e+03
1.202000000000000000e+03
1.082000000000000000e+03
1.443000000000000000e+03
1.472000000000000000e+03
1.513000000000000000e+03
1.453000000000000000e+03
1.783000000000000000e+03
1.784000000000000000e+03
9.320000000000000000e+02
1.262000000000000000e+03
1.262000000000000000e+03
1.563000000000000000e+03
1.373000000000000000e+03
1.493000000000000000e+03
1.032000000000000000e+03
1.192000000000000000e+03
1.303000000000000000e+03
1.684000000000000000e+03
1.233000000000000000e+03
1.162000000000000000e+03
1.052000000000000000e+03
9.520000000000000000e+02
1.273000000000000000e+03
1.112000000000000000e+03
1.763000000000000000e+03
1.272000000000000000e+03
1.293000000000000000e+03
1.022000000000000000e+03
1.783000000000000000e+03
1.283000000000000000e+03
1.212000000000000000e+03
1.282000000000000000e+03
1.462000000000000000e+03
1.463000000000000000e+03
2.184000000000000000e+03
1.473000000000000000e+03
1.012000000000000000e+03
1.352000000000000000e+03
1.633000000000000000e+03
1.142000000000000000e+03
1.192000000000000000e+03
1.323000000000000000e+03
1.423000000000000000e+03
1.142000000000000000e+03
1.583000000000000000e+03
1.673000000000000000e+03
1.223000000000000000e+03
1.092000000000000000e+03
1.523000000000000000e+03
1.402000000000000000e+03
1.332000000000000000e+03
1.212000000000000000e+03
2.835000000000000000e+03
2.335000000000000000e+03
2.395000000000000000e+03
1.283000000000000000e+03
1.253000000000000000e+03
1.523000000000000000e+03
1.263000000000000000e+03
1.633000000000000000e+03
1.292000000000000000e+03
1.252000000000000000e+03
1.663000000000000000e+03
1.342000000000000000e+03
8.620000000000000000e+02
1.613000000000000000e+03
1.192000000000000000e+03
1.022000000000000000e+03
1.052000000000000000e+03
1.333000000000000000e+03
1.272000000000000000e+03
1.212000000000000000e+03
1.222000000000000000e+03
1.854000000000000000e+03
1.673000000000000000e+03
8.610000000000000000e+02
2.314000000000000000e+03
1.313000000000000000e+03
1.643000000000000000e+03
1.583000000000000000e+03
1.623000000000000000e+03
1.513000000000000000e+03
2.214000000000000000e+03
1.032000000000000000e+03
1.573000000000000000e+03
1.443000000000000000e+03
1.543000000000000000e+03
1.553000000000000000e+03
1.272000000000000000e+03
1.623000000000000000e+03
1.353000000000000000e+03
1.342000000000000000e+03
1.633000000000000000e+03
1.694000000000000000e+03
3.697000000000000000e+03
2.194000000000000000e+03
1.092000000000000000e+03
1.573000000000000000e+03
3.387000000000000000e+03
2.364000000000000000e+03
2.164000000000000000e+03
1.764000000000000000e+03
2.716000000000000000e+03
3.778000000000000000e+03
1.643000000000000000e+03
1.784000000000000000e+03
8.020000000000000000e+02
1.292000000000000000e+03
1.483000000000000000e+03
1.813000000000000000e+03
1.413000000000000000e+03
1.483000000000000000e+03
1.553000000000000000e+03
1.603000000000000000e+03
1.613000000000000000e+03
1.393000000000000000e+03
2.074000000000000000e+03
