5.928795488930695134e-02
4.416104355806688836e-02
1.220108964636271165e-02
-2.426429290186884330e-02
-5.124421761786430302e-02
-5.845754537047552490e-02
-4.325455797538077518e-02
-1.158976571021091972e-02
2.431123549699094888e-02
5.067640231037133514e-02
5.747586075253277582e-02
4.224144179012120220e-02
1.096094395732967464e-02
-2.427634375695111868e-02
-4.995676272958200770e-02
-5.633072996128142551e-02
-4.111812969470758639e-02
-1.032074569027084665e-02
2.414654484750407629e-02
4.907062159830607312e-02
5.501162806481651318e-02
3.988212690116763742e-02
9.675250999877149649e-03
-2.391003618981967990e-02
-4.800540374213416173e-02
-5.351017147736168711e-02
-3.853223190303500106e-02
-9.030370718379976402e-03
2.355670654693212823e-02
4.675118200197117546e-02
5.182057801878285630e-02
3.706874004533141503e-02
8.391727179521218938e-03
-2.307851863105222362e-02
-4.530116624845716838e-02
-4.994007276676942775e-02
-3.549361858332630154e-02
-7.764547269782991201e-03
2.246983885509086856e-02
4.365211613755258513e-02
4.786922281499331189e-02
3.381064492510888614e-02
7.153570584077187378e-03
-2.172770206922384345e-02
-4.180466124384590865e-02
-4.561218671523316337e-02
-3.202550103935506570e-02
-6.562974823377719369e-03
2.085200163369714185e-02
3.976351570367458316e-02
4.317686755783615993e-02
3.014581859183791679e-02
5.996319843992140020e-03
-1.984559803121819371e-02
-3.753757841777133342e-02
-4.057496211036167727e-02
-2.818117103409674418e-02
-5.456510979727963173e-03
1.871434215746601432e-02
3.513991384936530904e-02
3.782190201176943711e-02
2.614301073421163718e-02
4.945781710049348967e-03
-1.746701224733317181e-02
-3.258761256235746806e-02
-3.493668689792725490e-02
-2.404455137270250509e-02
-4.465695243526121572e-03
1.611516638022437303e-02
2.990153492435759786e-02
3.194161318256327070e-02
2.190059772960446446e-02
4.017163879205705446e-03
-1.467291541839196682e-02
-2.710594529098694222e-02
-2.886190559782979281e-02
-1.972732666733625906e-02
-3.600484485363836945e-03
1.315662365447005204e-02
2.422804735611485544e-02
2.572526166430907923e-02
1.754202477982137395e-02
3.215388149473148716e-03
-1.158454649272531306e-02
-2.129743432225160785e-02
-2.256132199695275176e-02
-1.536278967039923435e-02
-2.861101815074384297e-03
9.976416254904108341e-03
1.834547006472653924e-02
1.940108161142249654e-02
1.320820297737354890e-02
2.536419434557308367e-03
-8.352988671274697713e-03
-1.540461941355525909e-02
-1.627625901867445907e-02
-1.109698399892482777e-02
-2.239779886543238896e-03
6.735563617766520197e-03
1.250774688665899290e-02
1.321864083837621939e-02
9.047633187390685672e-03
1.969348815718674137e-03
-5.145494044312918375e-03
-9.687403612506195749e-03
-1.025941990530549949e-02
-7.078074890966772753e-03
-1.723101792300629070e-03
3.603696299085058351e-03
6.975120856366145983e-03
7.428543611741297500e-03
5.205309021634793760e-03
1.498909244076097533e-03
-2.130169846574148790e-03
-4.400724367743652325e-03
-4.754090103716152732e-03
-3.445088672179913956e-03
-1.294633678042399899e-03
7.435287873021161065e-04
1.991687723060087296e-03
2.261701484516026768e-03
1.811651469117582514e-03
1.108251466267200398e-03
5.394439924335024759e-04
2.274455576753466046e-04
2.589131949769739576e-05
-3.175278814002185554e-04
-9.380009185680441425e-04
-1.704200797532924583e-03
-2.235540673773105287e-03
-2.089224175873139605e-03
-1.026560039816970613e-03
7.825506331546902648e-04
2.738769353702982974e-03
4.015224114286491258e-03
3.912317074898143468e-03
2.211707517490235815e-03
-6.411736091337513418e-04
-3.634007146075052090e-03
-5.553092426171768806e-03
-5.482748395371337194e-03
-3.230752611848863171e-03
5.139101074766901089e-04
4.383753958354725221e-03
6.839769978813606439e-03
6.791590869084723585e-03
4.078133145550625650e-03
-4.017013801661910299e-04
-4.984870401635948210e-03
-7.869816416430664222e-03
-7.833224239106616194e-03
-4.749697901671520207e-03
3.064752451440652670e-04
5.437158292248772153e-03
8.641498148761965481e-03
8.605051055068299592e-03
5.242497428017335592e-03
-2.311721984983444722e-04
-5.743171499407938654e-03
-9.156448600432073176e-03
-9.107145104029532034e-03
-5.554575420546515110e-03
1.797090196040337928e-04
5.907933846288096653e-03
9.419246862375690865e-03
9.341862908463949289e-03
5.684778699158364590e-03
-1.568829072001298036e-04
-5.938587962181499785e-03
-9.436949687639882567e-03
-9.313448706609335492e-03
-5.632597673445191577e-03
1.682280804675053559e-04
5.844004809545560661e-03
9.218610352866076982e-03
9.027655617018140455e-03
5.398040780219791335e-03
-2.198399145661861231e-04
-5.634379491145423066e-03
-8.774809572071086416e-03
-8.491398469857726339e-03
-4.981544202630602478e-03
3.181781048114708244e-04
5.320831613390601157e-03
8.117215780104769518e-03
7.712448672669662379e-03
4.383918321546989225e-03
-4.698543903814585143e-04
-4.915019043302326640e-03
-7.258183940329776367e-03
-6.699179176039424775e-03
-3.606337141252179482e-03
6.814017917758444232e-04
4.428767204333725407e-03
6.210401129561469134e-03
5.460371809644135044e-03
2.650381749052194667e-03
-9.590214427193776564e-04
-3.873720074019971343e-03
-4.986592671110972111e-03
-4.005101178913724608e-03
-1.518144258012065623e-03
1.308312670188294460e-03
3.261028176169361234e-03
3.599305200130308718e-03
2.342702541093844536e-03
2.123852263328980007e-04
-1.734004693990820033e-03
-2.601092872940370324e-03
-2.060775150440295571e-03
-4.828156354658007937e-04
1.263275743801979111e-03
2.239710659981084331e-03
1.903375878881137908e-03
3.828748519258758261e-04
-1.564514709037316412e-03
-2.904154714859367385e-03
-2.827710994698688640e-03
-1.176266770564025378e-03
1.422878778540526568e-03
3.788693670266597528e-03
4.704286487535581582e-03
3.498760233514619598e-03
4.269998393962928795e-04
-3.345258112370124749e-03
-6.178386804605542904e-03
-6.656192542366948239e-03
-4.251914865126062669e-03
3.383789701022280050e-04
5.373198477575944973e-03
8.721284028389985829e-03
8.750635706032960925e-03
5.084387268562966244e-03
-1.114989772625839433e-03
-7.495610044784129303e-03
-1.140382148208503484e-02
-1.097637043954272779e-02
-5.991434922834097676e-03
1.899036944699575291e-03
9.701132124610432547e-03
1.421087307229281470e-02
1.331990321182027585e-02
6.966295024827635560e-03
-2.687667698774431901e-03
-1.197784116494734347e-02
-1.712543038106491278e-02
-1.576528109254812793e-02
-8.000173637352545053e-03
3.478775943192629824e-03
1.431293040282372378e-02
2.012829496220818956e-02
1.829392848556430501e-02
9.082296230319263780e-03
-4.270761320621187240e-03
-1.669238437834285119e-02
-2.319781019633337243e-02
-2.088455175745200509e-02
-1.020002342050433178e-02
5.062257503696109689e-03
1.910067466533020564e-02
2.630966049206756932e-02
2.351312948741884554e-02
1.133903230379786076e-02
-5.851846679887900277e-03
-2.152050386513412739e-02
-2.943676371195105834e-02
-2.615300250602731885e-02
-1.248356043210332306e-02
6.637778437060114223e-03
2.393262324275854946e-02
3.254927865027835987e-02
2.877507325432510782e-02
1.361670648321603588e-02
-7.417711043882346117e-03
-2.631574576591074952e-02
-3.561474374859062431e-02
-3.134811871065654870e-02
-1.472077910522776728e-02
8.188491672965866192e-03
2.864657122983793602e-02
3.859835648929099694e-02
3.383921548607694840e-02
1.577768329118068441e-02
-8.945989679452391596e-03
-3.089993398365594585e-02
-4.146339542800147465e-02
-3.621426994848372938e-02
-1.676933205658946713e-02
9.684993733670023419e-03
3.304907685902425812e-02
4.417177912201126350e-02
3.843864088609546398e-02
1.767807034351499829e-02
-1.039917968276939803e-02
-3.506604787625125508e-02
-4.668474895926345847e-02
-4.047783761752982157e-02
-1.848709784383782001e-02
1.108115194908198750e-02
3.692220970382200512e-02
4.896365644605735201e-02
4.229827266659483970e-02
1.918087765275967166e-02
-1.172255732519687094e-02
-3.858884588986968844e-02
-5.097082995810586770e-02
-4.386804510143026137e-02
-1.974551824631624181e-02
1.231426613757743982e-02
4.003784216968558907e-02
5.267049065143065978e-02
4.515772815128440976e-02
2.016911832863854670e-02
-1.284660938944244546e-02
-4.124241353342549682e-02
-5.402968333013111885e-02
-4.614113822672467891e-02
-2.044207375245088443e-02
1.330965143254338179e-02
4.217784696395032729e-02
5.501919750420460747e-02
4.679607548667668454e-02
2.055735185613863369e-02
-1.369348390921758252e-02
-4.282224374633349095e-02
-5.561446488559264323e-02
-4.710502624205367000e-02
-2.051072897833248337e-02
1.398853784399932410e-02
4.315725017898949800e-02
5.579641666836890335e-02
4.705581093292388745e-02
2.030098204538600959e-02
-1.418591149487121589e-02
-4.316876310667654149e-02
-5.555228081400206269e-02
-4.664215943754274757e-02
-1.993002498821413310e-02
1.427771000916736727e-02
4.284759405168832302e-02
5.487629686910575066e-02
4.586419397024901756e-02
1.940298135900967585e-02
-1.425739019640542837e-02
-4.219007196435572288e-02
-5.377032278881575811e-02
-4.472879893318042199e-02
-1.872818620542088253e-02
1.412010031146622088e-02
4.119856112186354863e-02
5.224430629200706860e-02
4.324985747654021967e-02
1.791711260218565444e-02
-1.386300179598660975e-02
-3.988186881193572786e-02
-5.031659353509367744e-02
-4.144833676440128067e-02
-1.698422091272070583e-02
1.348555891667917173e-02
3.825551919343120333e-02
4.801405137018610603e-02
3.935220645162026271e-02
1.594672824356412749e-02
-1.298978543911115738e-02
-3.634187255686630730e-02
-4.537197942934047268e-02
-3.699617282832454862e-02
-1.482429508053054179e-02
1.238043404229729333e-02
3.417006431314918713e-02
4.243378783093024881e-02
3.442121871107953202e-02
1.363863835468239610e-02
-1.166510629614348621e-02
-3.177574198564799002e-02
-3.925043135801365574e-02
-3.167395624566123058e-02
-1.241308830942922103e-02
1.085426708116361827e-02
2.920059496593617465e-02
3.587960811324340110e-02
2.880580820243778400e-02
1.117210257099709309e-02
-9.961160123137073608e-03
-2.649168557498753074e-02
-3.238473850078472244e-02
-2.587203319287283837e-02
-9.940745547994213338e-03
9.001627344333695130e-03
2.370059458888185838e-02
2.883374431631245682e-02
2.293061456149815894e-02
8.744144749905001512e-03
-7.993835442334298880e-03
-2.088240137554730688e-02
-2.529765883535929280e-02
-2.004104192774217030e-02
-7.606937106049368319e-03
6.957920542143778905e-03
1.809453054325628474e-02
2.184910767848525365e-02
1.726301571945881158e-02
6.552713076773276912e-03
-5.915568677862149613e-03
-1.539550067480459708e-02
-1.856069967532154863e-02
-1.465510321114521508e-02
-5.603466813333467939e-03
4.889546610472028654e-03
1.284360794022178058e-02
1.550336857351026533e-02
1.227338111480661374e-02
4.779067876248372163e-03
-3.903195227270851372e-03
-1.049558219634600005e-02
-1.274471440516293519e-02
-1.017010400532549451e-02
-4.096766876826826373e-03
2.979905012474876741e-03
8.405256961069661192e-03
1.034738876827849367e-02
8.392427726997733761e-03
3.570740150128056886e-03
-2.142590553005647991e-03
-6.622283071501457175e-03
-8.367555536798019708e-03
-6.981211715475127248e-03
-3.211683844242304436e-03
1.413169580537014004e-03
5.190905806337233093e-03
6.853455305542084305e-03
5.969928012045770845e-03
3.026474815589281359e-03
-8.120465791895403740e-04
-4.148823897882027677e-03
-5.844104180238934160e-03
-5.383708223813525942e-03
-3.017917737365891605e-03
3.576016562760429840e-04
3.526151537145567113e-03
5.368160255480662960e-03
5.238560496322116830e-03
3.184595905310210612e-03
-6.568920875202853560e-05
-3.344508194832248368e-03
-5.442992595556646329e-03
-5.540786735758372432e-03
-3.520838753441368416e-03
-5.084408737599487027e-05
3.616264056347980645e-03
6.073986826250380583e-03
6.286626048856845672e-03
4.016813190664831300e-03
-1.739224759872946835e-05
-4.343969947651889728e-03
-7.254118184094340838e-03
-7.462144112208256991e-03
-4.658739478376594696e-03
2.759352221443720637e-04
5.519999309104453231e-03
8.963817106400583448e-03
9.043380423063324125e-03
5.429226138189670314e-03
-7.261416615870434216e-04
-7.126425887067430395e-03
-1.117114445802880850e-02
-1.099675673319467847e-02
-6.307712936791972161e-03
1.364951105260043401e-03
9.135154683551194310e-03
1.383228404394377942e-02
1.327974117445648687e-02
7.271006604995362832e-03
-2.184755400437835698e-03
-1.150831607386471750e-02
-1.689234979730112884e-02
-1.584175389071645554e-02
-8.293890460105108470e-03
3.173388799849252012e-03
1.419892417901058058e-02
2.028649424334656726e-02
1.862529169995636585e-02
9.349786773355142633e-03
-4.314247762416005549e-03
-1.715179098150849263e-02
-2.394129425740623013e-02
-2.156724208161336573e-02
-1.041144969109234972e-02
5.586544265127155184e-03
2.030467821830249375e-02
2.777638049716440669e-02
2.460035075451738260e-02
1.145166632338771862e-02
-6.965690930965315331e-03
-2.358966024613061083e-02
-3.170626831641372434e-02
-2.765480218644736365e-02
-1.244394414981950248e-02
8.423810742282350494e-03
2.693466301753962705e-02
3.564234078030550229e-02
3.065986890963452033e-02
1.336316429435691067e-02
-9.930358769100557786e-03
-3.026513751613836220e-02
-3.949492906124578429e-02
-3.354558368519895695e-02
-1.418618231289687365e-02
1.145283860509412749e-02
3.350582089082904808e-02
4.317543220868438891e-02
3.624438827662029156e-02
1.489236062083533485e-02
-1.295759236127853528e-02
-3.658253519485855226e-02
-4.659841694642603838e-02
-3.869271371903139356e-02
-1.546401956295084118e-02
1.441063999725773412e-02
3.942397200538887148e-02
4.968363886122145745e-02
4.083244970636627780e-02
1.588679747973659184e-02
-1.577854161322447477e-02
-4.196341152908253380e-02
-5.235792923859240722e-02
-4.261226492310622727e-02
-1.614991361317547058e-02
1.702925539688985440e-02
4.414032716199292605e-02
5.455689663909019799e-02
4.398874538503656090e-02
1.624633091752581554e-02
-1.813296434982323430e-02
-4.590183062100036682e-02
-5.622639857830825927e-02
-4.492732364188660454e-02
-1.617281864890097315e-02
1.906284641324057505e-02
4.720391813640045786e-02
5.732374589385529767e-02
4.540297792333232441e-02
1.592991730636860587e-02
-1.979576468136730674e-02
-4.801248444131342441e-02
-5.781861053701969899e-02
-4.540068721726506218e-02
-1.552181131217047344e-02
2.031285703049326430e-02
4.830407859876198473e-02
5.769361673358690268e-02
4.491563567934730300e-02
1.495611731958260138e-02
-2.060000807205784185e-02
-4.806638403185120589e-02
-5.694460519197894199e-02
-4.395316697062397887e-02
-1.424359779971295925e-02
2.064819067278176462e-02
4.729841375907123391e-02
5.558056951829433434e-02
4.252849575065882626e-02
1.339781084350955692e-02
-2.045366873405520328e-02
-4.601042022107490470e-02
-5.362327305601354011e-02
-4.066618981043007564e-02
-1.243470820268133964e-02
2.001805735624748173e-02
4.422352723743881719e-02
5.110656299754814946e-02
3.839944205609171352e-02
1.137219425760699343e-02
-1.934824100905031125e-02
-4.196909934711942625e-02
-4.807540642915680840e-02
-3.576915645519353898e-02
-1.022965884566495731e-02
1.845615461429741047e-02
3.928787075837914672e-02
4.458467983870974261e-02
3.282287617655113565e-02
9.027496777060543820e-03
-1.735843652921330305e-02
-3.622886235481782152e-02
-4.069774937039795371e-02
-2.961358519831810976e-02
-7.786626229737053650e-03
1.607596613282102904e-02
3.284812024115121853e-02
3.648488339278348203e-02
2.619841663808612081e-02
6.528017397142517331e-03
-1.463330170795715604e-02
-2.920731308185134378e-02
-3.202154194263202858e-02
-2.263730219453605544e-02
-5.272241822109308140e-03
1.305803665742033375e-02
2.537222805396461070e-02
2.738658927755270936e-02
1.899159730233548199e-02
4.039051786179987530e-03
-1.138009369082074521e-02
-2.141120648687967754e-02
-2.266047609039152644e-02
-1.532271595920288790e-02
-2.846998037858754216e-03
9.630977337285458878e-03
1.739355996919961234e-02
1.792343664986529791e-02
1.169080777608811836e-02
1.713093912714513944e-03
-7.843003511818944298e-03
-1.338800505006225439e-02
-1.325374454574958401e-02
-8.153511012227773053e-03
-6.525374931264284889e-04
6.048521581781867752e-03
9.461154618583766940e-03
8.726074408015257328e-03
4.764820084859190327e-03
-3.214946212706116385e-04
-4.279147045603718356e-03
-5.676109446578239161e-03
-4.410020994817724464e-03
-1.574105476885346439e-03
1.197973409816953123e-03
2.565029053608411033e-03
2.091196164018895715e-03
3.688240545221773727e-04
-1.374683579615223463e-03
-1.968062669090510450e-03
-9.341801457010614086e-04
1.241106163795892715e-03
3.341662615672126146e-03
4.043614380050950842e-03
2.625089205377212354e-03
-5.881061820148416990e-04
-4.275018560127820215e-03
-6.673733374754603487e-03
-6.401156480023305687e-03
-3.164448076012731093e-03
1.979729790448056352e-03
6.972074314107163870e-03
9.588314693014443266e-03
8.422361316098178619e-03
3.583455346210819709e-03
-3.222136828051674548e-03
-9.301484762714810201e-03
-1.205517560354285589e-02
-1.008884860938189486e-02
-3.881161956270102326e-03
4.300545324630387911e-03
1.124026514655909227e-02
1.405288198776594166e-02
1.138862019605403272e-02
4.058142466195619261e-03
-5.204044472205694369e-03
-1.277313792938589154e-02
-1.556852242252572231e-02
-1.231572792191070256e-02
-4.116272144956811124e-03
5.925574740215575759e-03
1.389224049518918147e-02
1.659724264531781471e-02
1.286982759315369318e-02
4.058504631200686441e-03
-6.461803739268144435e-03
-1.459667491399842428e-02
-1.714163374779471144e-02
-1.305565159671381002e-02
-3.888655241326793160e-03
6.812922903445767751e-03
1.489194375160071693e-02
1.721101751847348843e-02
1.288242490970377754e-02
3.611187287052650824e-03
-6.982391414210567873e-03
-1.478930962457777193e-02
-1.682066304073689955e-02
-1.236324377580667704e-02
-3.231001288051479209e-03
6.976644815539344117e-03
1.430510643307098678e-02
1.599096370376028656e-02
1.151443826339796674e-02
2.753233769321843105e-03
-6.804778060485635639e-03
-1.346002480549487491e-02
-1.474660185676170132e-02
-1.035494101351617027e-02
-2.183075575600650076e-03
6.478207985922095416e-03
1.227838883274180205e-02
1.311572376618028168e-02
8.905683032980225497e-03
1.525622737513422644e-03
-6.010313541421513292e-03
-1.078743443127745498e-02
-1.112914461653035335e-02
-7.189039633329832521e-03
-7.857779436981696120e-04
5.416048576058101090e-03
9.016600247227793408e-03
8.819606634900931108e-03
5.228351549402779352e-03
-3.178220244739321521e-05
-4.711529146121404797e-03
-6.996848927368942012e-03
-6.221114652149989203e-03
-3.047539379120947460e-03
9.225715248921458750e-04
3.913609382394053239e-03
4.760041646796163081e-03
3.368368074629714357e-03
6.708154768832550602e-04
-1.882203843048084945e-03
-3.039470180793028397e-03
-2.338387252448023354e-03
-2.962953461747288783e-04
1.877519859594215489e-03
2.906273230133149098e-03
2.106244599431783462e-03
-2.360244940332132529e-04
-2.960318598186187193e-03
-4.573220646259168812e-03
-3.990228701274921991e-03
-1.130692949764772019e-03
2.931608718459173708e-03
6.367128291648155823e-03
7.392196834625532065e-03
5.129258865032962182e-03
1.289311609561387059e-04
-5.717599446360318791e-03
-9.890464230648259025e-03
-1.031059237382866284e-02
-6.318195797479100526e-03
8.837903526973354962e-04
8.564305297175219683e-03
1.349752755099328620e-02
1.330485275840710170e-02
7.551440069105862934e-03
-1.893267116595065760e-03
-1.144332273002315187e-02
-1.715655635833992013e-02
-1.635178688173713826e-02
-8.822902249540819086e-03
2.886490472842447724e-03
1.432771694841772012e-02
2.083696998492690425e-02
1.942862474192499217e-02
1.012595876304927048e-02
-3.851771226121600972e-03
-1.719217579971870496e-02
-2.450949652798476569e-02
-2.251307521556067739e-02
-1.145342393555360064e-02
4.778838389033004258e-03
2.001314100115843958e-02
2.814628972523150127e-02
2.558338966765906150e-02
1.279754170315255610e-02
-5.658913090068738716e-03
-2.276892024770092726e-02
-3.172104088792931237e-02
-2.861843717162609879e-02
-1.415000073605909847e-02
6.484757134560630715e-03
2.543978286107539261e-02
3.520909044976324592e-02
3.159779593327453895e-02
1.550197595899391323e-02
-7.250695649166895296e-03
-2.800804057750476417e-02
-3.858754189103587307e-02
-3.450186363105375159e-02
-1.684419823686201384e-02
7.952613323317217486e-03
3.045811410549763981e-02
4.183537930178166109e-02
3.731198789883125727e-02
1.816705268926645245e-02
-8.587925009351786432e-03
-3.277658711638959527e-02
-4.493358977273156918e-02
-4.001061588038014316e-02
-1.946070163062212782e-02
9.155525904670815118e-03
3.495225048147998503e-02
4.786528793134194049e-02
4.258145487311510574e-02
2.071522293040203855e-02
-9.655726216502256987e-03
-3.697613413132086468e-02
-5.061583376574378679e-02
-4.500963383668836471e-02
-2.192075747509860534e-02
1.009017003106912891e-02
3.884152053388418430e-02
5.317293531819183849e-02
4.728185868848895634e-02
2.306766264646213649e-02
-1.046173655155022142e-02
-4.054393383203758888e-02
-5.552672848221723578e-02
-4.938655515720632994e-02
-2.414667030199066367e-02
1.077441927814085099e-02
4.208109627147745696e-02
5.766982617064025929e-02
5.131399652692204827e-02
2.514905289561635698e-02
-1.103317602831049155e-02
-4.345284613070015539e-02
-5.959733557840384000e-02
-5.305641906102868260e-02
-2.606680135912387702e-02
1.124374857967556235e-02
4.466101919577959711e-02
6.130684696176821880e-02
5.460812678425355782e-02
2.689281238767583793e-02
-1.141245833885513178e-02
-4.570930165217387819e-02
-6.279839900058395430e-02
-5.596558387218770331e-02
-2.762107527201936030e-02
1.154599286869373298e-02
4.660306719586515545e-02
6.407442393033156713e-02
5.712748467196385876e-02
2.824683869599443897e-02
-1.165120277437180218e-02
-4.734920711618084005e-02
-6.513966529272785522e-02
-5.809478226246885674e-02
-2.876673749186581253e-02
1.173491857607287386e-02
4.795594816361153923e-02
6.600105330243712098e-02
5.887066138328032883e-02
2.917887490303792963e-02
-1.180378094284822293e-02
-4.843264691757918905e-02
-6.666753095533599349e-02
-5.946045841601426546e-02
-2.948287043238594085e-02
1.186407436676444049e-02
4.878955828353733620e-02
6.714983818069295007e-02
5.987154100681690849e-02
2.967988338657073788e-02
-1.192156275304209062e-02
-4.903758607869636299e-02
-6.746026704464407053e-02
-6.011315847928207223e-02
-2.977261582315400557e-02
1.198133231282457606e-02
4.918802750273607027e-02
6.761240074398730537e-02
6.019627095393225574e-02
2.976529428671390032e-02
-1.204765101370755542e-02
-4.925232558531353333e-02
-6.762084882128119312e-02
-6.013336157538085036e-02
-2.966362399691617469e-02
1.212385852963802912e-02
4.924184341995563319e-02
6.750098459561358621e-02
5.993822751076433725e-02
2.947470504878162145e-02
-1.221229572169337668e-02
-4.916766276350724441e-02
-6.726868163850380222e-02
-5.962574558208315334e-02
-2.920690975059012096e-02
1.231427090641419586e-02
4.904040370734474852e-02
6.694004892476171364e-02
5.921161636771599818e-02
2.886972772895111949e-02
-1.243005653371470620e-02
-4.887006258404004433e-02
-6.653116758842397838e-02
-5.871209532011115867e-02
-2.847358970720473281e-02
1.255890839749617544e-02
4.866586789578797312e-02
6.605783749567591123e-02
5.814372350425699859e-02
2.802968036087945258e-02
-1.269910441401325002e-02
-4.843615971363236794e-02
-6.553534406592950723e-02
-5.752306785695487923e-02
-2.754974508468055472e-02
1.284800472208225824e-02
4.818829918786232680e-02
6.497825325071697466e-02
5.686647653859761703e-02
2.704589188475421679e-02
-1.300213606643590286e-02
-4.792861336787013204e-02
-6.440023955814336287e-02
-5.618985202404341850e-02
-2.653038822389350293e-02
1.315730270311332023e-02
4.766237820041800688e-02
6.381394934006265340e-02
5.550844293631584242e-02
2.601545281867140291e-02
-1.330872423456899017e-02
-4.739384003714684074e-02
-6.323089953693920851e-02
-5.483665501372179951e-02
-2.551304338226932644e-02
1.345119868131876978e-02
4.712627369810368921e-02
6.266141054843088476e-02
5.418788141628604754e-02
2.503464247698924255e-02
-1.357928710157462610e-02
-4.686207310800161174e-02
-6.211457050387260426e-02
-5.357435215368971937e-02
-2.459104426970133012e-02
1.368751436032734220e-02
4.660286784560051243e-02
6.159822527455057622e-02
5.300700078248601899e-02
2.419214631767876988e-02
-1.377057614981349459e-02
-4.634965359088195902e-02
-6.111898608933195171e-02
-5.249534912365242528e-02
-2.384675656105793295e-02
1.382353751260913949e-02
4.610292468290063533e-02
6.068225161435410880e-02
5.204741619824445470e-02
2.356242696353461757e-02
-1.384201210384110314e-02
-4.586280309539185474e-02
-6.029224500917119978e-02
-5.166965635259178347e-02
-2.334532021864747786e-02
1.382231696464643333e-02
4.562916113590162470e-02
5.995206580215818593e-02
5.136692813398192892e-02
2.320011180052818783e-02
-1.376160058137407272e-02
-4.540173615210617297e-02
-5.966375558399014678e-02
-5.114249358751851715e-02
-2.312992736175953357e-02
1.365794436466449130e-02
4.518023760732958749e-02
5.942837738170564377e-02
5.099804612167539719e-02
2.313631145666149996e-02
-1.351044224549512174e-02
-4.496444877351810088e-02
-5.924610592132090181e-02
-5.093375950799555046e-02
-2.321921936422127047e-02
1.331926243199477167e-02
4.475432026951287057e-02
5.911632075376013068e-02
5.094834939114223360e-02
2.337702752473014983e-02
-1.308568951234311689e-02
-4.455004856874923702e-02
-5.903769402651905251e-02
-5.103914213060741639e-02
-2.360656347138968131e-02
1.281213997850659536e-02
4.435213004396207359e-02
5.900826646969282302e-02
5.120215175810306080e-02
2.390316318822192920e-02
-1.250214075905286409e-02
-4.416138395671308225e-02
-5.902551254984785695e-02
-5.143217237680711151e-02
-2.426076467174712037e-02
1.216026570557763448e-02
4.397894531081233960e-02
5.908640015629726405e-02
5.172289201749272897e-02
2.467204079212286655e-02
-1.179203130840812686e-02
-4.380623207786605439e-02
-5.918744971173768576e-02
-5.206703028141268508e-02
-2.512856971903288522e-02
1.140375673293689968e-02
4.364489267807399042e-02
