4.399000000000000132e-01
4.399000000000000132e-01
4.399000000000000132e-01
4.399000000000000132e-01
4.399000000000000132e-01
4.389000000000000123e-01
4.379000000000000115e-01
4.389000000000000123e-01
4.379000000000000115e-01
4.379000000000000115e-01
4.379000000000000115e-01
4.389000000000000123e-01
4.389000000000000123e-01
4.389000000000000123e-01
4.399000000000000132e-01
4.399000000000000132e-01
4.399000000000000132e-01
4.399000000000000132e-01
4.409000000000000141e-01
4.409000000000000141e-01
4.409000000000000141e-01
4.409000000000000141e-01
4.399000000000000132e-01
4.399000000000000132e-01
4.389000000000000123e-01
4.399000000000000132e-01
4.389000000000000123e-01
4.389000000000000123e-01
4.389000000000000123e-01
4.389000000000000123e-01
4.399000000000000132e-01
4.389000000000000123e-01
4.399000000000000132e-01
4.399000000000000132e-01
4.399000000000000132e-01
4.399000000000000132e-01
4.409000000000000141e-01
4.409000000000000141e-01
4.409000000000000141e-01
4.409000000000000141e-01
4.399000000000000132e-01
4.399000000000000132e-01
4.409000000000000141e-01
4.409000000000000141e-01
4.399000000000000132e-01
4.409000000000000141e-01
4.399000000000000132e-01
4.389000000000000123e-01
4.399000000000000132e-01
4.399000000000000132e-01
4.399000000000000132e-01
4.399000000000000132e-01
4.389000000000000123e-01
4.389000000000000123e-01
4.399000000000000132e-01
4.409000000000000141e-01
4.399000000000000132e-01
4.409000000000000141e-01
4.409000000000000141e-01
4.409000000000000141e-01
4.409000000000000141e-01
4.409000000000000141e-01
4.409000000000000141e-01
4.409000000000000141e-01
4.399000000000000132e-01
4.399000000000000132e-01
4.389000000000000123e-01
4.389000000000000123e-01
4.389000000000000123e-01
4.389000000000000123e-01
4.389000000000000123e-01
4.399000000000000132e-01
4.399000000000000132e-01
4.399000000000000132e-01
4.399000000000000132e-01
4.399000000000000132e-01
4.409000000000000141e-01
4.409000000000000141e-01
4.409000000000000141e-01
4.409000000000000141e-01
4.409000000000000141e-01
4.409000000000000141e-01
4.409000000000000141e-01
4.399000000000000132e-01
4.399000000000000132e-01
4.399000000000000132e-01
4.399000000000000132e-01
4.389000000000000123e-01
4.389000000000000123e-01
4.389000000000000123e-01
4.399000000000000132e-01
4.399000000000000132e-01
4.389000000000000123e-01
4.389000000000000123e-01
4.389000000000000123e-01
4.389000000000000123e-01
4.389000000000000123e-01
4.399000000000000132e-01
4.399000000000000132e-01
4.389000000000000123e-01
5.414999999999999813e-01
5.405999999999999694e-01
5.405999999999999694e-01
4.399000000000000132e-01
4.399000000000000132e-01
4.399000000000000132e-01
4.399000000000000132e-01
4.389000000000000123e-01
5.395999999999999686e-01
5.395999999999999686e-01
5.405999999999999694e-01
5.405999999999999694e-01
5.414999999999999813e-01
5.414999999999999813e-01
4.399000000000000132e-01
4.399000000000000132e-01
4.409000000000000141e-01
5.414999999999999813e-01
5.414999999999999813e-01
5.414999999999999813e-01
5.424999999999999822e-01
5.424999999999999822e-01
5.414999999999999813e-01
4.409000000000000141e-01
4.409000000000000141e-01
4.409000000000000141e-01
4.399000000000000132e-01
4.389000000000000123e-01
5.414999999999999813e-01
5.414999999999999813e-01
5.414999999999999813e-01
5.414999999999999813e-01
4.409000000000000141e-01
4.399000000000000132e-01
4.409000000000000141e-01
4.409000000000000141e-01
4.409000000000000141e-01
4.409000000000000141e-01
5.414999999999999813e-01
5.424999999999999822e-01
5.434999999999999831e-01
5.424999999999999822e-01
5.424999999999999822e-01
4.409000000000000141e-01
4.409000000000000141e-01
4.409000000000000141e-01
4.399000000000000132e-01
4.389000000000000123e-01
5.405999999999999694e-01
5.414999999999999813e-01
5.405999999999999694e-01
5.405999999999999694e-01
5.414999999999999813e-01
5.395999999999999686e-01
4.399000000000000132e-01
4.418000000000000260e-01
4.409000000000000141e-01
4.409000000000000141e-01
5.434999999999999831e-01
5.434999999999999831e-01
5.434999999999999831e-01
5.434999999999999831e-01
5.424999999999999822e-01
4.409000000000000141e-01
4.409000000000000141e-01
4.418000000000000260e-01
4.409000000000000141e-01
4.399000000000000132e-01
5.424999999999999822e-01
5.424999999999999822e-01
5.424999999999999822e-01
5.414999999999999813e-01
4.418000000000000260e-01
4.418000000000000260e-01
4.418000000000000260e-01
4.418000000000000260e-01
4.428000000000000269e-01
5.434999999999999831e-01
5.444999999999999840e-01
5.434999999999999831e-01
5.434999999999999831e-01
5.444999999999999840e-01
5.434999999999999831e-01
4.428000000000000269e-01
4.428000000000000269e-01
4.418000000000000260e-01
4.418000000000000260e-01
4.409000000000000141e-01
4.389000000000000123e-01
5.405999999999999694e-01
5.424999999999999822e-01
5.434999999999999831e-01
5.434999999999999831e-01
4.418000000000000260e-01
4.428000000000000269e-01
4.418000000000000260e-01
4.428000000000000269e-01
4.437999999999999723e-01
5.434999999999999831e-01
5.444999999999999840e-01
5.434999999999999831e-01
4.437999999999999723e-01
4.437999999999999723e-01
4.428000000000000269e-01
4.428000000000000269e-01
4.428000000000000269e-01
4.418000000000000260e-01
4.418000000000000260e-01
4.418000000000000260e-01
4.418000000000000260e-01
4.418000000000000260e-01
4.418000000000000260e-01
4.428000000000000269e-01
4.418000000000000260e-01
4.428000000000000269e-01
4.428000000000000269e-01
4.428000000000000269e-01
4.428000000000000269e-01
4.428000000000000269e-01
4.428000000000000269e-01
4.428000000000000269e-01
4.428000000000000269e-01
4.418000000000000260e-01
4.418000000000000260e-01
4.428000000000000269e-01
4.428000000000000269e-01
4.428000000000000269e-01
4.418000000000000260e-01
4.418000000000000260e-01
4.418000000000000260e-01
4.409000000000000141e-01
4.418000000000000260e-01
4.418000000000000260e-01
4.418000000000000260e-01
4.428000000000000269e-01
4.428000000000000269e-01
4.428000000000000269e-01
4.437999999999999723e-01
4.428000000000000269e-01
4.437999999999999723e-01
4.437999999999999723e-01
4.428000000000000269e-01
4.428000000000000269e-01
4.428000000000000269e-01
4.418000000000000260e-01
4.428000000000000269e-01
4.418000000000000260e-01
4.418000000000000260e-01
4.418000000000000260e-01
4.428000000000000269e-01
4.418000000000000260e-01
4.428000000000000269e-01
4.428000000000000269e-01
4.437999999999999723e-01
4.437999999999999723e-01
4.437999999999999723e-01
4.437999999999999723e-01
4.437999999999999723e-01
4.447999999999999732e-01
4.437999999999999723e-01
4.447999999999999732e-01
4.437999999999999723e-01
4.437999999999999723e-01
4.437999999999999723e-01
4.428000000000000269e-01
4.418000000000000260e-01
4.428000000000000269e-01
4.428000000000000269e-01
4.428000000000000269e-01
4.428000000000000269e-01
4.418000000000000260e-01
4.437999999999999723e-01
4.437999999999999723e-01
4.437999999999999723e-01
4.437999999999999723e-01
4.437999999999999723e-01
4.447999999999999732e-01
4.447999999999999732e-01
4.437999999999999723e-01
4.447999999999999732e-01
4.456999999999999851e-01
4.447999999999999732e-01
4.447999999999999732e-01
4.437999999999999723e-01
4.437999999999999723e-01
4.437999999999999723e-01
4.437999999999999723e-01
4.428000000000000269e-01
4.437999999999999723e-01
4.437999999999999723e-01
4.437999999999999723e-01
4.437999999999999723e-01
4.437999999999999723e-01
4.447999999999999732e-01
4.437999999999999723e-01
4.447999999999999732e-01
4.447999999999999732e-01
4.456999999999999851e-01
4.456999999999999851e-01
4.447999999999999732e-01
4.428000000000000269e-01
5.454999999999999849e-01
5.463999999999999968e-01
4.447999999999999732e-01
4.456999999999999851e-01
4.447999999999999732e-01
4.447999999999999732e-01
5.454999999999999849e-01
5.444999999999999840e-01
5.444999999999999840e-01
5.444999999999999840e-01
5.473999999999999977e-01
5.444999999999999840e-01
4.456999999999999851e-01
4.456999999999999851e-01
4.456999999999999851e-01
4.466999999999999860e-01
4.466999999999999860e-01
5.483999999999999986e-01
5.483999999999999986e-01
5.483999999999999986e-01
5.483999999999999986e-01
5.473999999999999977e-01
4.466999999999999860e-01
4.456999999999999851e-01
4.456999999999999851e-01
4.456999999999999851e-01
4.447999999999999732e-01
5.463999999999999968e-01
5.454999999999999849e-01
5.473999999999999977e-01
5.473999999999999977e-01
5.463999999999999968e-01
4.456999999999999851e-01
4.456999999999999851e-01
4.466999999999999860e-01
4.466999999999999860e-01
4.466999999999999860e-01
5.483999999999999986e-01
5.483999999999999986e-01
5.473999999999999977e-01
5.483999999999999986e-01
5.473999999999999977e-01
4.466999999999999860e-01
4.466999999999999860e-01
4.456999999999999851e-01
4.447999999999999732e-01
5.463999999999999968e-01
5.463999999999999968e-01
5.463999999999999968e-01
5.463999999999999968e-01
5.483999999999999986e-01
5.483999999999999986e-01
5.463999999999999968e-01
4.466999999999999860e-01
4.466999999999999860e-01
4.466999999999999860e-01
4.476999999999999869e-01
5.483999999999999986e-01
5.493999999999999995e-01
5.483999999999999986e-01
5.493999999999999995e-01
5.483999999999999986e-01
4.466999999999999860e-01
4.466999999999999860e-01
4.456999999999999851e-01
4.456999999999999851e-01
5.454999999999999849e-01
5.473999999999999977e-01
5.473999999999999977e-01
5.483999999999999986e-01
5.473999999999999977e-01
5.483999999999999986e-01
4.476999999999999869e-01
4.466999999999999860e-01
4.466999999999999860e-01
4.476999999999999869e-01
4.466999999999999860e-01
5.473999999999999977e-01
5.483999999999999986e-01
5.493999999999999995e-01
5.483999999999999986e-01
4.476999999999999869e-01
4.466999999999999860e-01
4.466999999999999860e-01
4.456999999999999851e-01
4.447999999999999732e-01
5.463999999999999968e-01
5.463999999999999968e-01
5.473999999999999977e-01
5.483999999999999986e-01
5.483999999999999986e-01
5.473999999999999977e-01
4.506000000000000005e-01
4.466999999999999860e-01
4.466999999999999860e-01
4.476999999999999869e-01
4.476999999999999869e-01
5.483999999999999986e-01
5.503000000000000114e-01
5.483999999999999986e-01
4.476999999999999869e-01
4.476999999999999869e-01
4.476999999999999869e-01
4.476999999999999869e-01
4.466999999999999860e-01
4.466999999999999860e-01
4.466999999999999860e-01
4.466999999999999860e-01
4.456999999999999851e-01
4.466999999999999860e-01
4.466999999999999860e-01
4.476999999999999869e-01
4.466999999999999860e-01
4.476999999999999869e-01
4.476999999999999869e-01
4.476999999999999869e-01
4.476999999999999869e-01
4.476999999999999869e-01
4.476999999999999869e-01
4.476999999999999869e-01
4.476999999999999869e-01
4.476999999999999869e-01
4.476999999999999869e-01
4.466999999999999860e-01
4.466999999999999860e-01
4.456999999999999851e-01
4.456999999999999851e-01
4.466999999999999860e-01
4.456999999999999851e-01
4.466999999999999860e-01
4.476999999999999869e-01
4.466999999999999860e-01
4.466999999999999860e-01
4.466999999999999860e-01
4.476999999999999869e-01
4.466999999999999860e-01
4.466999999999999860e-01
4.476999999999999869e-01
4.486999999999999877e-01
4.476999999999999869e-01
4.476999999999999869e-01
4.476999999999999869e-01
4.476999999999999869e-01
4.466999999999999860e-01
4.466999999999999860e-01
4.466999999999999860e-01
4.466999999999999860e-01
4.456999999999999851e-01
4.447999999999999732e-01
4.456999999999999851e-01
4.456999999999999851e-01
4.466999999999999860e-01
4.456999999999999851e-01
4.466999999999999860e-01
4.456999999999999851e-01
4.466999999999999860e-01
4.466999999999999860e-01
4.466999999999999860e-01
4.466999999999999860e-01
4.466999999999999860e-01
4.456999999999999851e-01
4.456999999999999851e-01
4.456999999999999851e-01
4.447999999999999732e-01
4.456999999999999851e-01
4.447999999999999732e-01
4.428000000000000269e-01
4.447999999999999732e-01
4.447999999999999732e-01
4.447999999999999732e-01
4.456999999999999851e-01
4.456999999999999851e-01
4.456999999999999851e-01
4.447999999999999732e-01
4.447999999999999732e-01
4.456999999999999851e-01
4.466999999999999860e-01
4.456999999999999851e-01
4.456999999999999851e-01
4.466999999999999860e-01
4.466999999999999860e-01
4.456999999999999851e-01
4.456999999999999851e-01
4.456999999999999851e-01
4.447999999999999732e-01
4.456999999999999851e-01
4.447999999999999732e-01
4.456999999999999851e-01
4.447999999999999732e-01
4.456999999999999851e-01
4.466999999999999860e-01
4.456999999999999851e-01
4.456999999999999851e-01
4.456999999999999851e-01
4.476999999999999869e-01
4.476999999999999869e-01
4.476999999999999869e-01
4.476999999999999869e-01
4.476999999999999869e-01
4.466999999999999860e-01
4.466999999999999860e-01
4.466999999999999860e-01
4.466999999999999860e-01
4.456999999999999851e-01
4.456999999999999851e-01
4.456999999999999851e-01
4.456999999999999851e-01
4.447999999999999732e-01
4.456999999999999851e-01
4.466999999999999860e-01
4.466999999999999860e-01
4.466999999999999860e-01
4.466999999999999860e-01
4.466999999999999860e-01
4.466999999999999860e-01
4.476999999999999869e-01
4.476999999999999869e-01
4.476999999999999869e-01
4.476999999999999869e-01
4.476999999999999869e-01
4.456999999999999851e-01
4.456999999999999851e-01
4.466999999999999860e-01
4.466999999999999860e-01
4.466999999999999860e-01
4.466999999999999860e-01
4.466999999999999860e-01
4.447999999999999732e-01
4.456999999999999851e-01
4.456999999999999851e-01
4.466999999999999860e-01
4.466999999999999860e-01
4.466999999999999860e-01
4.476999999999999869e-01
4.466999999999999860e-01
4.466999999999999860e-01
4.476999999999999869e-01
4.476999999999999869e-01
4.476999999999999869e-01
4.476999999999999869e-01
4.466999999999999860e-01
4.466999999999999860e-01
4.466999999999999860e-01
4.476999999999999869e-01
4.466999999999999860e-01
4.466999999999999860e-01
4.466999999999999860e-01
4.466999999999999860e-01
4.466999999999999860e-01
4.466999999999999860e-01
4.476999999999999869e-01
4.476999999999999869e-01
4.476999999999999869e-01
4.476999999999999869e-01
4.476999999999999869e-01
4.476999999999999869e-01
4.476999999999999869e-01
4.476999999999999869e-01
4.466999999999999860e-01
4.466999999999999860e-01
4.476999999999999869e-01
4.476999999999999869e-01
4.476999999999999869e-01
4.456999999999999851e-01
4.466999999999999860e-01
4.466999999999999860e-01
4.466999999999999860e-01
4.466999999999999860e-01
4.466999999999999860e-01
4.456999999999999851e-01
4.456999999999999851e-01
4.466999999999999860e-01
4.466999999999999860e-01
4.466999999999999860e-01
4.476999999999999869e-01
4.476999999999999869e-01
4.476999999999999869e-01
4.486999999999999877e-01
4.476999999999999869e-01
4.476999999999999869e-01
4.476999999999999869e-01
4.466999999999999860e-01
4.476999999999999869e-01
4.466999999999999860e-01
4.466999999999999860e-01
4.466999999999999860e-01
4.456999999999999851e-01
4.456999999999999851e-01
4.456999999999999851e-01
4.456999999999999851e-01
4.466999999999999860e-01
4.466999999999999860e-01
4.466999999999999860e-01
4.456999999999999851e-01
4.466999999999999860e-01
4.466999999999999860e-01
4.476999999999999869e-01
4.476999999999999869e-01
4.476999999999999869e-01
4.476999999999999869e-01
5.483999999999999986e-01
4.466999999999999860e-01
4.466999999999999860e-01
4.466999999999999860e-01
4.466999999999999860e-01
4.447999999999999732e-01
4.447999999999999732e-01
5.473999999999999977e-01
5.483999999999999986e-01
5.483999999999999986e-01
5.483999999999999986e-01
5.473999999999999977e-01
4.486999999999999877e-01
4.476999999999999869e-01
4.476999999999999869e-01
4.476999999999999869e-01
4.476999999999999869e-01
5.493999999999999995e-01
5.493999999999999995e-01
5.493999999999999995e-01
5.493999999999999995e-01
5.493999999999999995e-01
4.476999999999999869e-01
4.476999999999999869e-01
4.476999999999999869e-01
4.476999999999999869e-01
4.466999999999999860e-01
5.483999999999999986e-01
5.493999999999999995e-01
5.493999999999999995e-01
5.493999999999999995e-01
5.493999999999999995e-01
4.476999999999999869e-01
4.476999999999999869e-01
4.476999999999999869e-01
4.486999999999999877e-01
4.486999999999999877e-01
5.493999999999999995e-01
5.493999999999999995e-01
5.493999999999999995e-01
5.483999999999999986e-01
5.483999999999999986e-01
4.476999999999999869e-01
4.476999999999999869e-01
4.466999999999999860e-01
4.456999999999999851e-01
4.456999999999999851e-01
5.483999999999999986e-01
5.473999999999999977e-01
5.483999999999999986e-01
5.483999999999999986e-01
5.493999999999999995e-01
5.493999999999999995e-01
4.476999999999999869e-01
4.476999999999999869e-01
4.486999999999999877e-01
4.476999999999999869e-01
4.466999999999999860e-01
5.493999999999999995e-01
5.493999999999999995e-01
5.493999999999999995e-01
5.493999999999999995e-01
4.476999999999999869e-01
4.466999999999999860e-01
4.476999999999999869e-01
4.476999999999999869e-01
4.466999999999999860e-01
5.483999999999999986e-01
5.493999999999999995e-01
5.483999999999999986e-01
5.493999999999999995e-01
5.483999999999999986e-01
4.476999999999999869e-01
4.486999999999999877e-01
4.466999999999999860e-01
4.486999999999999877e-01
4.476999999999999869e-01
5.503000000000000114e-01
5.503000000000000114e-01
5.503000000000000114e-01
5.503000000000000114e-01
4.486999999999999877e-01
4.486999999999999877e-01
4.476999999999999869e-01
4.476999999999999869e-01
4.466999999999999860e-01
5.473999999999999977e-01
5.493999999999999995e-01
5.483999999999999986e-01
5.483999999999999986e-01
5.483999999999999986e-01
5.473999999999999977e-01
4.476999999999999869e-01
4.466999999999999860e-01
4.476999999999999869e-01
4.486999999999999877e-01
4.476999999999999869e-01
4.486999999999999877e-01
5.493999999999999995e-01
5.483999999999999986e-01
5.493999999999999995e-01
5.493999999999999995e-01
5.493999999999999995e-01
4.476999999999999869e-01
4.476999999999999869e-01
4.466999999999999860e-01
4.466999999999999860e-01
5.483999999999999986e-01
5.483999999999999986e-01
5.473999999999999977e-01
5.483999999999999986e-01
5.483999999999999986e-01
4.486999999999999877e-01
4.486999999999999877e-01
4.486999999999999877e-01
4.486999999999999877e-01
4.466999999999999860e-01
5.503000000000000114e-01
5.493999999999999995e-01
5.503000000000000114e-01
5.493999999999999995e-01
5.493999999999999995e-01
4.486999999999999877e-01
4.476999999999999869e-01
4.476999999999999869e-01
4.466999999999999860e-01
5.483999999999999986e-01
5.483999999999999986e-01
5.483999999999999986e-01
5.493999999999999995e-01
5.493999999999999995e-01
5.483999999999999986e-01
4.486999999999999877e-01
4.466999999999999860e-01
4.466999999999999860e-01
4.486999999999999877e-01
4.486999999999999877e-01
5.493999999999999995e-01
5.493999999999999995e-01
5.503000000000000114e-01
5.493999999999999995e-01
5.493999999999999995e-01
4.476999999999999869e-01
4.476999999999999869e-01
4.466999999999999860e-01
4.476999999999999869e-01
4.447999999999999732e-01
5.483999999999999986e-01
5.483999999999999986e-01
5.483999999999999986e-01
5.483999999999999986e-01
5.483999999999999986e-01
4.476999999999999869e-01
4.476999999999999869e-01
4.476999999999999869e-01
4.486999999999999877e-01
4.486999999999999877e-01
5.503000000000000114e-01
5.483999999999999986e-01
5.503000000000000114e-01
5.503000000000000114e-01
5.493999999999999995e-01
4.486999999999999877e-01
4.486999999999999877e-01
4.476999999999999869e-01
4.476999999999999869e-01
4.466999999999999860e-01
5.493999999999999995e-01
5.483999999999999986e-01
5.483999999999999986e-01
5.503000000000000114e-01
4.516000000000000014e-01
4.486999999999999877e-01
4.496999999999999886e-01
4.496999999999999886e-01
4.496999999999999886e-01
4.476999999999999869e-01
5.503000000000000114e-01
5.513000000000000123e-01
5.503000000000000114e-01
5.503000000000000114e-01
5.503000000000000114e-01
4.486999999999999877e-01
4.486999999999999877e-01
4.486999999999999877e-01
4.476999999999999869e-01
4.466999999999999860e-01
5.483999999999999986e-01
5.493999999999999995e-01
5.483999999999999986e-01
5.493999999999999995e-01
5.503000000000000114e-01
5.513000000000000123e-01
4.486999999999999877e-01
4.486999999999999877e-01
4.496999999999999886e-01
4.496999999999999886e-01
5.503000000000000114e-01
5.503000000000000114e-01
5.513000000000000123e-01
5.513000000000000123e-01
5.493999999999999995e-01
4.486999999999999877e-01
4.486999999999999877e-01
4.476999999999999869e-01
4.486999999999999877e-01
4.476999999999999869e-01
5.493999999999999995e-01
5.503000000000000114e-01
5.503000000000000114e-01
5.503000000000000114e-01
4.506000000000000005e-01
4.496999999999999886e-01
4.496999999999999886e-01
4.496999999999999886e-01
4.486999999999999877e-01
5.513000000000000123e-01
5.513000000000000123e-01
5.513000000000000123e-01
5.503000000000000114e-01
5.513000000000000123e-01
5.513000000000000123e-01
5.503000000000000114e-01
4.486999999999999877e-01
4.486999999999999877e-01
4.476999999999999869e-01
4.476999999999999869e-01
4.476999999999999869e-01
5.503000000000000114e-01
5.493999999999999995e-01
5.503000000000000114e-01
5.503000000000000114e-01
4.486999999999999877e-01
4.496999999999999886e-01
4.496999999999999886e-01
4.506000000000000005e-01
4.496999999999999886e-01
5.513000000000000123e-01
5.503000000000000114e-01
5.513000000000000123e-01
5.513000000000000123e-01
5.503000000000000114e-01
4.496999999999999886e-01
4.496999999999999886e-01
4.486999999999999877e-01
4.486999999999999877e-01
4.486999999999999877e-01
5.503000000000000114e-01
5.503000000000000114e-01
5.503000000000000114e-01
5.503000000000000114e-01
4.496999999999999886e-01
4.496999999999999886e-01
4.506000000000000005e-01
4.506000000000000005e-01
4.506000000000000005e-01
4.506000000000000005e-01
4.496999999999999886e-01
5.513000000000000123e-01
5.513000000000000123e-01
5.503000000000000114e-01
5.483999999999999986e-01
4.496999999999999886e-01
4.496999999999999886e-01
4.496999999999999886e-01
4.486999999999999877e-01
4.476999999999999869e-01
4.466999999999999860e-01
5.493999999999999995e-01
5.503000000000000114e-01
5.493999999999999995e-01
5.503000000000000114e-01
4.496999999999999886e-01
4.496999999999999886e-01
4.496999999999999886e-01
4.506000000000000005e-01
4.496999999999999886e-01
5.513000000000000123e-01
5.513000000000000123e-01
5.513000000000000123e-01
5.513000000000000123e-01
5.503000000000000114e-01
4.496999999999999886e-01
4.496999999999999886e-01
4.496999999999999886e-01
4.486999999999999877e-01
4.496999999999999886e-01
5.513000000000000123e-01
5.513000000000000123e-01
5.503000000000000114e-01
5.503000000000000114e-01
5.523000000000000131e-01
4.506000000000000005e-01
4.506000000000000005e-01
4.516000000000000014e-01
4.506000000000000005e-01
4.506000000000000005e-01
5.533000000000000140e-01
5.533000000000000140e-01
5.523000000000000131e-01
5.533000000000000140e-01
5.513000000000000123e-01
4.506000000000000005e-01
4.506000000000000005e-01
4.496999999999999886e-01
4.486999999999999877e-01
4.496999999999999886e-01
5.513000000000000123e-01
5.513000000000000123e-01
5.503000000000000114e-01
5.523000000000000131e-01
5.503000000000000114e-01
4.506000000000000005e-01
4.506000000000000005e-01
4.516000000000000014e-01
4.506000000000000005e-01
4.506000000000000005e-01
4.516000000000000014e-01
5.513000000000000123e-01
5.533000000000000140e-01
5.513000000000000123e-01
5.523000000000000131e-01
4.506000000000000005e-01
4.506000000000000005e-01
4.496999999999999886e-01
4.496999999999999886e-01
4.486999999999999877e-01
5.513000000000000123e-01
5.523000000000000131e-01
5.523000000000000131e-01
5.513000000000000123e-01
5.513000000000000123e-01
4.506000000000000005e-01
4.506000000000000005e-01
4.506000000000000005e-01
4.516000000000000014e-01
4.516000000000000014e-01
5.523000000000000131e-01
5.523000000000000131e-01
5.513000000000000123e-01
5.523000000000000131e-01
5.523000000000000131e-01
4.506000000000000005e-01
4.506000000000000005e-01
4.496999999999999886e-01
4.496999999999999886e-01
5.503000000000000114e-01
5.503000000000000114e-01
5.513000000000000123e-01
5.513000000000000123e-01
5.523000000000000131e-01
5.513000000000000123e-01
4.536000000000000032e-01
4.496999999999999886e-01
4.506000000000000005e-01
4.506000000000000005e-01
4.506000000000000005e-01
5.513000000000000123e-01
5.523000000000000131e-01
5.533000000000000140e-01
5.523000000000000131e-01
5.523000000000000131e-01
5.513000000000000123e-01
4.506000000000000005e-01
4.496999999999999886e-01
4.496999999999999886e-01
4.496999999999999886e-01
5.513000000000000123e-01
5.513000000000000123e-01
5.523000000000000131e-01
5.503000000000000114e-01
5.513000000000000123e-01
4.536000000000000032e-01
4.506000000000000005e-01
4.516000000000000014e-01
4.516000000000000014e-01
4.496999999999999886e-01
5.533000000000000140e-01
5.533000000000000140e-01
5.533000000000000140e-01
5.523000000000000131e-01
5.513000000000000123e-01
4.506000000000000005e-01
4.506000000000000005e-01
4.506000000000000005e-01
4.506000000000000005e-01
4.486999999999999877e-01
5.523000000000000131e-01
5.513000000000000123e-01
5.513000000000000123e-01
5.533000000000000140e-01
5.523000000000000131e-01
4.545000000000000151e-01
4.516000000000000014e-01
4.506000000000000005e-01
4.516000000000000014e-01
4.506000000000000005e-01
5.533000000000000140e-01
5.533000000000000140e-01
