5.863206759451935340e-02
5.863206759451935340e-02
5.863206759451935340e-02
5.863206759451935340e-02
5.863206759451935340e-02
5.863206759451935340e-02
5.863206759451935340e-02
5.863206759451935340e-02
5.863206759451935340e-02
5.863206759451935340e-02
5.863206759451935340e-02
5.863206759451935340e-02
5.863206759451935340e-02
5.863206759451935340e-02
5.863206759451935340e-02
5.863206759451935340e-02
5.863206759451935340e-02
5.863206759451935340e-02
5.863206759451935340e-02
5.863206759451935340e-02
5.884475290255671009e-02
5.884475290255671009e-02
5.884475290255671009e-02
5.884475290255671009e-02
5.884475290255671009e-02
5.898755493740749645e-02
5.898755493740749645e-02
5.898755493740749645e-02
5.898755493740749645e-02
5.898755493740749645e-02
5.900085090616066785e-02
5.900085090616066785e-02
5.900085090616066785e-02
5.900085090616066785e-02
5.927972581953629833e-02
5.927972581953629833e-02
5.927972581953629833e-02
5.927972581953629833e-02
5.927972581953629833e-02
5.989849197458119862e-02
5.989849197458119862e-02
5.989849197458119862e-02
5.989849197458119862e-02
5.989849197458119862e-02
6.057289957160892635e-02
6.057289957160892635e-02
6.057289957160892635e-02
6.057289957160892635e-02
6.057289957160892635e-02
6.057289957160892635e-02
6.057289957160892635e-02
6.057289957160892635e-02
6.057289957160892635e-02
6.057289957160892635e-02
6.074667397884003783e-02
6.074667397884003783e-02
6.074667397884003783e-02
6.074667397884003783e-02
6.074667397884003783e-02
6.074667397884003783e-02
6.074667397884003783e-02
6.074667397884003783e-02
6.074667397884003783e-02
6.074667397884003783e-02
6.084308037304798217e-02
6.084308037304798217e-02
6.084308037304798217e-02
6.084308037304798217e-02
6.084308037304798217e-02
6.108797499635244127e-02
6.108797499635244127e-02
6.108797499635244127e-02
6.108797499635244127e-02
6.108797499635244127e-02
6.141230181615144057e-02
6.141230181615144057e-02
6.141230181615144057e-02
6.141230181615144057e-02
6.141230181615144057e-02
6.142808553370979197e-02
6.142808553370979197e-02
6.142808553370979197e-02
6.142808553370979197e-02
6.142808553370979197e-02
6.163160639046635220e-02
6.163160639046635220e-02
6.163160639046635220e-02
6.163160639046635220e-02
6.163160639046635220e-02
6.188915735391103956e-02
6.188915735391103956e-02
6.188915735391103956e-02
6.188915735391103956e-02
6.188915735391103956e-02
6.188915735391103956e-02
6.188915735391103956e-02
6.188915735391103956e-02
6.188915735391103956e-02
6.188915735391103956e-02
6.188915735391103956e-02
6.188915735391103956e-02
6.188915735391103956e-02
6.188915735391103956e-02
6.188915735391103956e-02
6.188915735391103956e-02
6.188915735391103956e-02
6.188915735391103956e-02
6.188915735391103956e-02
6.188915735391103956e-02
6.184326283312915895e-02
6.184326283312915895e-02
6.184326283312915895e-02
6.184326283312915895e-02
6.184326283312915895e-02
6.163690401276390035e-02
6.163690401276390035e-02
6.163690401276390035e-02
6.163690401276390035e-02
6.163690401276390035e-02
6.129706559312001618e-02
6.129706559312001618e-02
6.129706559312001618e-02
6.129706559312001618e-02
6.129706559312001618e-02
6.086014328094465492e-02
6.086014328094465492e-02
6.086014328094465492e-02
6.086014328094465492e-02
6.086014328094465492e-02
6.092693121693380787e-02
6.092693121693380787e-02
6.092693121693380787e-02
6.092693121693380787e-02
6.092693121693380787e-02
6.092693121693380787e-02
6.092693121693380787e-02
6.092693121693380787e-02
6.092693121693380787e-02
6.092693121693380787e-02
6.092693121693380787e-02
6.092693121693380787e-02
6.092693121693380787e-02
6.092693121693380787e-02
6.092693121693380787e-02
6.092693121693380787e-02
6.092693121693380787e-02
6.092693121693380787e-02
6.092693121693380787e-02
6.092693121693380787e-02
6.051840987786599735e-02
6.051840987786599735e-02
6.051840987786599735e-02
6.051840987786599735e-02
6.051840987786599735e-02
5.962453976556001539e-02
5.984197178562249142e-02
5.984197178562249142e-02
5.984197178562249142e-02
5.984197178562249142e-02
5.984197178562249142e-02
6.037552185443166575e-02
6.037552185443166575e-02
6.037552185443166575e-02
6.037552185443166575e-02
6.037552185443166575e-02
6.062409748258572317e-02
6.062409748258572317e-02
6.062409748258572317e-02
6.062409748258572317e-02
6.062409748258572317e-02
6.065851840798242023e-02
6.065851840798242023e-02
6.065851840798242023e-02
6.065851840798242023e-02
6.065851840798242023e-02
6.065851840798242023e-02
6.065851840798242023e-02
6.065851840798242023e-02
6.065851840798242023e-02
6.065851840798242023e-02
6.065851840798242023e-02
6.065851840798242023e-02
6.065851840798242023e-02
6.065851840798242023e-02
6.065851840798242023e-02
6.065851840798242023e-02
6.065851840798242023e-02
6.065851840798242023e-02
6.065851840798242023e-02
6.065851840798242023e-02
6.007598462172795972e-02
6.007598462172795972e-02
6.007598462172795972e-02
6.007598462172795972e-02
6.007598462172795972e-02
5.914958712873549795e-02
5.914958712873549795e-02
5.914958712873549795e-02
5.914958712873549795e-02
5.914958712873549795e-02
5.824174158168157062e-02
5.824174158168157062e-02
5.824174158168157062e-02
5.824174158168157062e-02
5.824174158168157062e-02
5.785274529435761870e-02
5.785274529435761870e-02
5.785274529435761870e-02
5.785274529435761870e-02
5.785274529435761870e-02
5.747960483530743792e-02
5.747960483530743792e-02
5.747960483530743792e-02
5.747960483530743792e-02
5.747960483530743792e-02
5.747960483530743792e-02
5.747960483530743792e-02
5.747960483530743792e-02
5.747960483530743792e-02
5.747960483530743792e-02
5.747960483530743792e-02
5.747960483530743792e-02
5.747960483530743792e-02
5.747960483530743792e-02
5.747960483530743792e-02
5.747960483530743792e-02
5.747960483530743792e-02
5.747960483530743792e-02
5.747960483530743792e-02
5.747960483530743792e-02
5.776279234253359901e-02
5.776279234253359901e-02
5.776279234253359901e-02
5.776279234253359901e-02
5.776279234253359901e-02
5.791158469629933969e-02
5.791158469629933969e-02
5.791158469629933969e-02
5.791158469629933969e-02
5.791158469629933969e-02
5.824977143782168049e-02
5.824977143782168049e-02
5.824977143782168049e-02
5.824977143782168049e-02
5.824977143782168049e-02
5.873210197405558802e-02
5.873210197405558802e-02
5.873210197405558802e-02
5.873210197405558802e-02
5.873210197405558802e-02
5.935183726949105898e-02
5.935183726949105898e-02
5.935183726949105898e-02
5.935183726949105898e-02
5.935183726949105898e-02
5.969259310359494725e-02
5.969259310359494725e-02
5.969259310359494725e-02
5.969259310359494725e-02
5.969259310359494725e-02
6.017240541936712261e-02
6.017240541936712261e-02
6.017240541936712261e-02
6.017240541936712261e-02
6.017240541936712261e-02
6.036604141008469065e-02
6.036604141008469065e-02
6.036604141008469065e-02
6.036604141008469065e-02
6.036604141008469065e-02
6.068543053721470876e-02
6.068543053721470876e-02
6.068543053721470876e-02
6.068543053721470876e-02
6.068543053721470876e-02
6.110298513434640061e-02
6.110298513434640061e-02
6.110298513434640061e-02
6.110298513434640061e-02
6.110298513434640061e-02
6.161882296315939617e-02
6.161882296315939617e-02
6.161882296315939617e-02
6.161882296315939617e-02
6.161882296315939617e-02
6.180437923928153859e-02
6.180437923928153859e-02
6.180437923928153859e-02
6.180437923928153859e-02
6.180437923928153859e-02
6.207836441960613849e-02
6.207836441960613849e-02
6.207836441960613849e-02
6.207836441960613849e-02
6.207836441960613849e-02
6.246169273545892908e-02
6.246169273545892908e-02
6.246169273545892908e-02
6.246169273545892908e-02
6.246169273545892908e-02
6.257222923059457820e-02
6.257222923059457820e-02
6.257222923059457820e-02
6.257222923059457820e-02
6.257222923059457820e-02
6.257222923059457820e-02
6.257222923059457820e-02
6.257222923059457820e-02
6.257222923059457820e-02
6.257222923059457820e-02
6.257222923059457820e-02
6.257222923059457820e-02
6.257222923059457820e-02
6.257222923059457820e-02
6.257222923059457820e-02
6.257222923059457820e-02
6.257222923059457820e-02
6.257222923059457820e-02
6.257222923059457820e-02
6.257222923059457820e-02
6.270234934982490960e-02
6.270234934982490960e-02
6.270234934982490960e-02
6.270234934982490960e-02
6.270234934982490960e-02
6.299224613666454253e-02
6.299224613666454253e-02
6.299224613666454253e-02
6.299224613666454253e-02
6.299224613666454253e-02
6.299224613666454253e-02
6.299224613666454253e-02
6.299224613666454253e-02
6.299224613666454253e-02
6.299224613666454253e-02
6.307284925393150110e-02
6.307284925393150110e-02
6.307284925393150110e-02
6.307284925393150110e-02
6.307284925393150110e-02
6.325725413991592494e-02
6.325725413991592494e-02
6.325725413991592494e-02
6.325725413991592494e-02
6.325725413991592494e-02
6.353953988700750122e-02
6.353953988700750122e-02
6.353953988700750122e-02
6.353953988700750122e-02
6.353953988700750122e-02
6.353953988700750122e-02
6.353953988700750122e-02
6.353953988700750122e-02
6.353953988700750122e-02
6.353953988700750122e-02
6.355905903124685341e-02
6.355905903124685341e-02
6.355905903124685341e-02
6.355905903124685341e-02
6.355905903124685341e-02
6.372606055552058890e-02
6.372606055552058890e-02
6.372606055552058890e-02
6.372606055552058890e-02
6.372606055552058890e-02
6.372606055552058890e-02
6.372606055552058890e-02
6.372606055552058890e-02
6.372606055552058890e-02
6.372606055552058890e-02
6.372606055552058890e-02
6.372606055552058890e-02
6.372606055552058890e-02
6.372606055552058890e-02
6.372606055552058890e-02
6.372606055552058890e-02
6.372606055552058890e-02
6.372606055552058890e-02
6.372606055552058890e-02
6.372606055552058890e-02
6.362062347462218992e-02
6.362062347462218992e-02
6.362062347462218992e-02
6.362062347462218992e-02
6.362062347462218992e-02
6.327471806000847798e-02
6.327471806000847798e-02
6.327471806000847798e-02
6.327471806000847798e-02
6.327471806000847798e-02
6.316844047564475206e-02
6.316844047564475206e-02
6.316844047564475206e-02
6.316844047564475206e-02
6.316844047564475206e-02
6.316844047564475206e-02
6.316844047564475206e-02
6.316844047564475206e-02
6.316844047564475206e-02
6.316844047564475206e-02
6.316844047564475206e-02
6.316844047564475206e-02
6.316844047564475206e-02
6.316844047564475206e-02
6.316844047564475206e-02
6.302966914550764410e-02
6.302966914550764410e-02
6.302966914550764410e-02
6.302966914550764410e-02
6.302966914550764410e-02
6.302966914550764410e-02
6.302966914550764410e-02
6.302966914550764410e-02
6.302966914550764410e-02
6.302966914550764410e-02
6.234557961515112268e-02
6.234557961515112268e-02
6.234557961515112268e-02
6.234557961515112268e-02
6.234557961515112268e-02
6.083928229501864293e-02
6.083928229501864293e-02
6.083928229501864293e-02
6.083928229501864293e-02
6.083928229501864293e-02
5.830410402235179645e-02
5.830410402235179645e-02
5.830410402235179645e-02
5.830410402235179645e-02
5.830410402235179645e-02
5.501178231532344309e-02
5.501178231532344309e-02
5.501178231532344309e-02
5.501178231532344309e-02
5.501178231532344309e-02
5.118736448219707996e-02
5.118736448219707996e-02
5.118736448219707996e-02
5.118736448219707996e-02
5.118736448219707996e-02
4.700470669907017007e-02
4.700470669907017007e-02
4.700470669907017007e-02
4.700470669907017007e-02
4.700470669907017007e-02
4.263121450838722182e-02
4.263121450838722182e-02
4.263121450838722182e-02
4.263121450838722182e-02
4.263121450838722182e-02
3.819782197216380071e-02
3.819782197216380071e-02
3.819782197216380071e-02
3.819782197216380071e-02
3.819782197216380071e-02
3.380906183146595995e-02
3.380906183146595995e-02
3.380906183146595995e-02
3.380906183146595995e-02
3.380906183146595995e-02
2.955469429827951161e-02
2.955469429827951161e-02
2.955469429827951161e-02
2.955469429827951161e-02
2.955469429827951161e-02
2.549882293859425178e-02
2.549882293859425178e-02
2.549882293859425178e-02
2.549882293859425178e-02
2.549882293859425178e-02
2.169643179661098417e-02
2.169643179661098417e-02
2.169643179661098417e-02
2.169643179661098417e-02
2.169643179661098417e-02
1.816352969795048677e-02
1.816352969795048677e-02
1.816352969795048677e-02
1.816352969795048677e-02
1.816352969795048677e-02
1.493096165455503124e-02
1.493096165455503124e-02
1.493096165455503124e-02
1.493096165455503124e-02
1.493096165455503124e-02
1.201004386561405068e-02
1.201004386561405068e-02
1.201004386561405068e-02
1.201004386561405068e-02
1.201004386561405068e-02
9.410942383290137742e-03
9.410942383290137742e-03
9.410942383290137742e-03
9.410942383290137742e-03
9.410942383290137742e-03
7.126318942582247906e-03
7.126318942582247906e-03
7.126318942582247906e-03
7.126318942582247906e-03
7.126318942582247906e-03
5.183336646405769382e-03
5.183336646405769382e-03
5.183336646405769382e-03
5.183336646405769382e-03
5.135855028553784271e-03
3.539560195555037196e-03
3.539560195555037196e-03
3.539560195555037196e-03
3.539560195555037196e-03
3.432831697485819438e-03
2.163803723079695679e-03
2.163803723079695679e-03
2.163803723079695679e-03
2.163803723079695679e-03
2.010183209628700271e-03
1.523336670011468750e-03
1.523336670011468750e-03
1.523336670011468750e-03
1.523336670011468750e-03
1.678959839787691043e-03
1.956492613710318455e-03
1.956492613710318455e-03
1.956492613710318455e-03
1.956492613710318455e-03
1.981081284515724336e-03
2.268059671436490829e-03
2.268059671436490829e-03
2.268059671436490829e-03
2.268059671436490829e-03
2.268059671436490829e-03
2.469699811318797414e-03
2.469699811318797414e-03
2.469699811318797414e-03
2.469699811318797414e-03
2.469699811318797414e-03
2.570476044821459402e-03
2.570476044821459402e-03
2.570476044821459402e-03
2.570476044821459402e-03
2.570476044821459402e-03
2.595726297514474017e-03
2.595726297514474017e-03
2.595726297514474017e-03
2.595726297514474017e-03
2.595726297514474017e-03
2.595726297514474017e-03
2.595726297514474017e-03
2.595726297514474017e-03
2.595726297514474017e-03
2.595726297514474017e-03
2.595726297514474017e-03
2.595726297514474017e-03
2.595726297514474017e-03
2.595726297514474017e-03
2.595726297514474017e-03
2.595726297514474017e-03
2.595726297514474017e-03
2.595726297514474017e-03
2.595726297514474017e-03
2.595726297514474017e-03
2.565204413424748611e-03
2.565204413424748611e-03
2.565204413424748611e-03
2.565204413424748611e-03
2.565204413424748611e-03
2.477088698129257215e-03
2.477088698129257215e-03
2.477088698129257215e-03
2.477088698129257215e-03
2.477088698129257215e-03
2.341968430706225287e-03
2.341968430706225287e-03
2.341968430706225287e-03
2.341968430706225287e-03
2.341968430706225287e-03
2.182110029143419141e-03
2.182110029143419141e-03
2.182110029143419141e-03
2.182110029143419141e-03
2.182110029143419141e-03
2.004588080442329303e-03
2.004588080442329303e-03
2.004588080442329303e-03
2.004588080442329303e-03
2.004588080442329303e-03
1.819163497447413499e-03
1.819163497447413499e-03
1.819163497447413499e-03
1.819163497447413499e-03
1.819163497447413499e-03
1.629085376927130084e-03
1.629085376927130084e-03
1.629085376927130084e-03
1.629085376927130084e-03
1.629085376927130084e-03
1.434128065452481334e-03
1.434128065452481334e-03
1.434128065452481334e-03
1.434128065452481334e-03
1.434128065452481334e-03
1.246221802493521335e-03
1.246221802493521335e-03
1.246221802493521335e-03
1.246221802493521335e-03
1.246221802493521335e-03
1.689895926596629572e-03
2.433636872152085233e-03
2.433636872152085233e-03
2.433636872152085233e-03
2.434905633465156427e-03
4.738962818946482886e-03
5.317796734735012049e-03
5.317796734735012049e-03
5.317796734735012049e-03
5.317796734735012049e-03
8.203030240702288006e-03
8.655909393761072185e-03
8.655909393761072185e-03
8.655909393761072185e-03
8.655909393761072185e-03
1.240089176220321096e-02
1.240089176220321096e-02
1.240089176220321096e-02
1.240089176220321096e-02
1.240089176220321096e-02
1.659182495316307432e-02
1.659182495316307432e-02
1.659182495316307432e-02
1.659182495316307432e-02
1.659182495316307432e-02
2.111040423929223461e-02
2.111040423929223461e-02
2.111040423929223461e-02
2.111040423929223461e-02
2.111040423929223461e-02
2.503925297313444598e-02
2.503925297313444598e-02
2.503925297313444598e-02
2.503925297313444598e-02
2.503925297313444598e-02
2.924106811594156044e-02
2.924106811594156044e-02
2.924106811594156044e-02
2.924106811594156044e-02
2.924106811594156044e-02
3.313605857700666069e-02
3.313605857700666069e-02
3.313605857700666069e-02
3.313605857700666069e-02
3.313605857700666069e-02
3.666158743993617325e-02
3.666158743993617325e-02
3.666158743993617325e-02
3.666158743993617325e-02
3.666158743993617325e-02
4.016765039181297708e-02
4.016765039181297708e-02
4.016765039181297708e-02
4.016765039181297708e-02
4.016765039181297708e-02
4.355964943471766354e-02
4.355964943471766354e-02
4.355964943471766354e-02
4.355964943471766354e-02
4.355964943471766354e-02
4.683254179786698612e-02
4.683254179786698612e-02
4.683254179786698612e-02
4.683254179786698612e-02
4.683254179786698612e-02
4.961722790666935057e-02
4.961722790666935057e-02
4.961722790666935057e-02
4.961722790666935057e-02
4.961722790666935057e-02
5.195355143343248494e-02
5.195355143343248494e-02
5.195355143343248494e-02
5.195355143343248494e-02
5.195355143343248494e-02
5.381759087461383817e-02
5.381759087461383817e-02
5.381759087461383817e-02
5.381759087461383817e-02
5.381759087461383817e-02
5.564681912556954102e-02
5.564681912556954102e-02
5.564681912556954102e-02
5.564681912556954102e-02
5.564681912556954102e-02
5.703851828318071138e-02
5.703851828318071138e-02
5.703851828318071138e-02
5.703851828318071138e-02
5.703851828318071138e-02
5.839757706932856285e-02
5.839757706932856285e-02
5.839757706932856285e-02
5.839757706932856285e-02
5.839757706932856285e-02
5.968982418769631926e-02
5.968982418769631926e-02
5.968982418769631926e-02
5.968982418769631926e-02
5.968982418769631926e-02
6.046915745232296635e-02
6.046915745232296635e-02
6.046915745232296635e-02
6.046915745232296635e-02
6.046915745232296635e-02
6.046915745232296635e-02
6.046915745232296635e-02
6.046915745232296635e-02
6.046915745232296635e-02
6.046915745232296635e-02
6.046915745232296635e-02
6.046915745232296635e-02
6.046915745232296635e-02
6.046915745232296635e-02
6.046915745232296635e-02
6.046915745232296635e-02
6.046915745232296635e-02
6.046915745232296635e-02
6.046915745232296635e-02
6.046915745232296635e-02
5.985313374697542183e-02
5.985313374697542183e-02
5.985313374697542183e-02
5.985313374697542183e-02
5.985313374697542183e-02
5.805370006317242537e-02
5.805370006317242537e-02
5.805370006317242537e-02
5.805370006317242537e-02
5.805370006317242537e-02
5.535036281905443556e-02
5.535036281905443556e-02
5.535036281905443556e-02
5.535036281905443556e-02
5.535036281905443556e-02
5.197763645027324297e-02
5.197763645027324297e-02
5.197763645027324297e-02
5.197763645027324297e-02
5.197763645027324297e-02
4.813165947837994701e-02
4.813165947837994701e-02
4.813165947837994701e-02
4.813165947837994701e-02
4.813165947837994701e-02
4.400337622609873378e-02
4.400337622609873378e-02
4.400337622609873378e-02
4.400337622609873378e-02
4.400337622609873378e-02
3.972746013364839013e-02
3.972746013364839013e-02
3.972746013364839013e-02
3.972746013364839013e-02
3.972746013364839013e-02
3.541925877227808384e-02
3.541925877227808384e-02
3.541925877227808384e-02
3.541925877227808384e-02
3.541925877227808384e-02
3.118724511271032604e-02
3.118724511271032604e-02
3.118724511271032604e-02
3.118724511271032604e-02
3.118724511271032604e-02
2.711290995767998493e-02
2.711290995767998493e-02
2.711290995767998493e-02
2.711290995767998493e-02
2.711290995767998493e-02
2.325865305339993791e-02
2.325865305339993791e-02
2.325865305339993791e-02
2.325865305339993791e-02
2.325865305339993791e-02
1.965272968602512979e-02
1.965272968602512979e-02
1.965272968602512979e-02
1.965272968602512979e-02
1.965272968602512979e-02
1.634081899666219376e-02
1.634081899666219376e-02
1.634081899666219376e-02
1.634081899666219376e-02
1.633907353279569555e-02
1.337052921949646866e-02
1.337052921949646866e-02
1.337052921949646866e-02
1.337052921949646866e-02
1.332370972326876561e-02
1.068688839189258638e-02
1.068688839189258638e-02
1.068688839189258638e-02
1.068688839189258638e-02
1.061206741201077552e-02
8.303296156127662822e-03
8.303296156127662822e-03
8.303296156127662822e-03
8.303296156127662822e-03
8.199343889621683173e-03
6.208683150810641316e-03
6.208683150810641316e-03
6.208683150810641316e-03
6.208683150810641316e-03
6.086727415736323948e-03
4.407683720537186253e-03
4.407683720537186253e-03
4.407683720537186253e-03
4.407683720537186253e-03
4.273909197048394309e-03
3.649413309431951639e-03
3.649413309431951639e-03
3.649413309431951639e-03
3.649413309431951639e-03
5.523992446088699104e-03
5.876526963805075651e-03
5.876526963805075651e-03
5.876526963805075651e-03
5.876526963805075651e-03
8.567994861441921919e-03
8.664057623543768016e-03
8.664057623543768016e-03
8.664057623543768016e-03
8.664057623543768016e-03
1.202516579341602471e-02
1.219825346142808242e-02
1.219825346142808242e-02
1.219825346142808242e-02
1.219825346142808242e-02
1.573549651605046090e-02
1.626260981225682856e-02
1.626260981225682856e-02
1.626260981225682856e-02
1.626260981225682856e-02
1.992036387717965526e-02
2.069552176807651356e-02
2.069552176807651356e-02
2.069552176807651356e-02
2.069552176807651356e-02
2.393545638524551336e-02
2.492783153713602762e-02
2.492783153713602762e-02
2.492783153713602762e-02
2.492783153713602762e-02
2.782743787464873192e-02
2.926429248678859979e-02
2.926429248678859979e-02
2.926429248678859979e-02
2.926429248678859979e-02
3.188397580582726099e-02
3.363376225324594959e-02
3.363376225324594959e-02
3.363376225324594959e-02
3.363376225324594959e-02
3.553524935496632509e-02
3.754151892505019905e-02
3.754151892505019905e-02
3.754151892505019905e-02
3.754151892505019905e-02
3.886604006924851418e-02
4.131937903049397176e-02
4.131937903049397176e-02
4.131937903049397176e-02
4.131937903049397176e-02
4.154983729958493244e-02
4.457372243309663806e-02
4.457372243309663806e-02
4.457372243309663806e-02
4.457372243309663806e-02
4.457372243309663806e-02
4.782913011565013278e-02
4.782913011565013278e-02
4.782913011565013278e-02
4.782913011565013278e-02
4.782913011565013278e-02
5.051136542810301389e-02
5.051136542810301389e-02
5.051136542810301389e-02
5.051136542810301389e-02
5.051136542810301389e-02
5.302657054553099741e-02
5.302657054553099741e-02
5.302657054553099741e-02
5.302657054553099741e-02
5.302657054553099741e-02
5.539370574170101452e-02
5.539370574170101452e-02
5.539370574170101452e-02
5.539370574170101452e-02
5.539370574170101452e-02
5.721128646942009316e-02
5.721128646942009316e-02
5.721128646942009316e-02
5.721128646942009316e-02
5.721128646942009316e-02
5.893972561751836120e-02
5.893972561751836120e-02
5.893972561751836120e-02
5.893972561751836120e-02
5.893972561751836120e-02
5.974231835721319911e-02
5.974231835721319911e-02
5.974231835721319911e-02
5.974231835721319911e-02
5.974231835721319911e-02
5.974231835721319911e-02
5.974231835721319911e-02
5.974231835721319911e-02
5.974231835721319911e-02
5.974231835721319911e-02
5.974231835721319911e-02
5.974231835721319911e-02
5.974231835721319911e-02
5.974231835721319911e-02
5.974231835721319911e-02
5.974231835721319911e-02
5.974231835721319911e-02
5.974231835721319911e-02
5.974231835721319911e-02
5.974231835721319911e-02
5.918024306533274659e-02
5.918024306533274659e-02
5.918024306533274659e-02
5.918024306533274659e-02
5.918024306533274659e-02
5.744524095846828549e-02
5.744524095846828549e-02
5.744524095846828549e-02
5.744524095846828549e-02
5.744524095846828549e-02
5.480179768938159973e-02
5.480179768938159973e-02
5.480179768938159973e-02
5.480179768938159973e-02
5.480179768938159973e-02
5.148399683185823916e-02
5.148399683185823916e-02
5.148399683185823916e-02
5.148399683185823916e-02
5.148399683185823916e-02
4.770794787752197230e-02
4.770794787752197230e-02
4.770794787752197230e-02
4.770794787752197230e-02
4.770794787752197230e-02
4.364951855137690073e-02
4.364951855137690073e-02
4.364951855137690073e-02
4.364951855137690073e-02
4.364951855137690073e-02
3.944599201051898762e-02
3.944599201051898762e-02
3.944599201051898762e-02
3.944599201051898762e-02
3.944599201051898762e-02
3.521312587596033689e-02
3.521312587596033689e-02
3.521312587596033689e-02
3.521312587596033689e-02
3.521312587596033689e-02
3.105749325873522967e-02
3.105749325873522967e-02
3.105749325873522967e-02
3.105749325873522967e-02
3.105749325873522967e-02
2.705835550513048526e-02
2.705835550513048526e-02
2.705835550513048526e-02
2.705835550513048526e-02
2.705835550513048526e-02
2.325583838207764473e-02
2.325583838207764473e-02
2.325583838207764473e-02
2.325583838207764473e-02
2.325583838207764473e-02
1.970288859499142592e-02
1.970288859499142592e-02
1.970288859499142592e-02
1.970288859499142592e-02
1.970288859499142592e-02
1.642757668053765677e-02
1.642757668053765677e-02
1.642757668053765677e-02
1.642757668053765677e-02
1.642757668053765677e-02
1.344560328013674061e-02
1.344560328013674061e-02
1.344560328013674061e-02
1.344560328013674061e-02
1.343800817522237435e-02
1.079450332802763327e-02
1.079450332802763327e-02
1.079450332802763327e-02
1.079450332802763327e-02
1.073778324172024873e-02
8.436891812416616801e-03
8.436891812416616801e-03
8.436891812416616801e-03
8.436891812416616801e-03
8.338927031306491572e-03
6.373628249259735354e-03
6.373628249259735354e-03
6.373628249259735354e-03
6.373628249259735354e-03
6.234221020663110839e-03
4.584013896073810268e-03
4.584013896073810268e-03
4.584013896073810268e-03
4.584013896073810268e-03
4.418032433578545151e-03
3.058588089169557260e-03
3.058588089169557260e-03
3.058588089169557260e-03
3.058588089169557260e-03
2.863750904393101183e-03
1.759831651654131810e-03
1.759831651654131810e-03
1.759831651654131810e-03
1.759831651654131810e-03
1.540964338615353124e-03
1.670394317904116402e-03
1.670394317904116402e-03
1.670394317904116402e-03
1.670394317904116402e-03
1.869037148116432573e-03
2.079095940765542279e-03
2.079095940765542279e-03
2.079095940765542279e-03
2.079095940765542279e-03
2.164228132253228146e-03
2.358395559736057960e-03
2.358395559736057960e-03
2.358395559736057960e-03
2.358395559736057960e-03
2.358395559736057960e-03
2.529058017795833210e-03
2.529058017795833210e-03
2.529058017795833210e-03
2.529058017795833210e-03
2.529058017795833210e-03
2.617997037695773098e-03
2.617997037695773098e-03
2.617997037695773098e-03
2.617997037695773098e-03
2.617997037695773098e-03
2.625959326794696097e-03
2.625959326794696097e-03
2.625959326794696097e-03
2.625959326794696097e-03
2.625959326794696097e-03
2.625959326794696097e-03
2.625959326794696097e-03
2.625959326794696097e-03
2.625959326794696097e-03
2.625959326794696097e-03
2.625959326794696097e-03
2.625959326794696097e-03
2.625959326794696097e-03
2.625959326794696097e-03
2.625959326794696097e-03
2.625959326794696097e-03
2.625959326794696097e-03
2.625959326794696097e-03
2.625959326794696097e-03
2.625959326794696097e-03
2.562561381492262785e-03
2.562561381492262785e-03
2.562561381492262785e-03
2.562561381492262785e-03
2.562561381492262785e-03
2.455648418615317703e-03
2.455648418615317703e-03
2.455648418615317703e-03
2.455648418615317703e-03
2.455648418615317703e-03
2.316588843131599761e-03
2.316588843131599761e-03
2.316588843131599761e-03
2.316588843131599761e-03
2.316588843131599761e-03
2.155144615571356372e-03
2.155144615571356372e-03
2.155144615571356372e-03
2.155144615571356372e-03
2.155144615571356372e-03
1.974579881061919347e-03
1.974579881061919347e-03
1.974579881061919347e-03
1.974579881061919347e-03
1.974579881061919347e-03
1.781351619292227987e-03
1.781351619292227987e-03
1.781351619292227987e-03
1.781351619292227987e-03
1.781351619292227987e-03
1.580246867845126919e-03
1.580246867845126919e-03
1.580246867845126919e-03
1.580246867845126919e-03
1.580246867845126919e-03
1.374388738962723953e-03
1.374388738962723953e-03
1.374388738962723953e-03
1.374388738962723953e-03
1.374388738962723953e-03
1.169224555257218851e-03
1.169224555257218851e-03
1.169224555257218851e-03
1.169224555257218851e-03
1.297427784633130689e-03
2.550773163141214616e-03
2.752714604072769959e-03
2.752714604072769959e-03
2.752714604072769959e-03
3.847573382175720723e-03
5.669612163186495656e-03
5.669612163186495656e-03
5.669612163186495656e-03
5.669612163186495656e-03
7.349688764552475204e-03
9.563788166309995439e-03
9.563788166309995439e-03
9.563788166309995439e-03
9.563788166309995439e-03
1.111614347655390939e-02
1.362533910003608725e-02
1.362533910003608725e-02
1.362533910003608725e-02
1.362533910003608725e-02
1.509829707685414642e-02
1.807485688174595082e-02
1.807485688174595082e-02
1.807485688174595082e-02
1.807485688174595082e-02
1.914926195716964985e-02
2.272409262066513169e-02
2.272409262066513169e-02
2.272409262066513169e-02
2.272409262066513169e-02
2.351666130653008724e-02
2.748040086517384781e-02
2.748040086517384781e-02
2.748040086517384781e-02
2.748040086517384781e-02
2.795435984615949124e-02
3.187047361328886746e-02
3.187047361328886746e-02
3.187047361328886746e-02
3.187047361328886746e-02
3.199539869594151403e-02
3.583337146790347566e-02
3.583337146790347566e-02
3.583337146790347566e-02
3.583337146790347566e-02
3.583337146790347566e-02
3.934896687748386940e-02
3.934896687748386940e-02
3.934896687748386940e-02
3.934896687748386940e-02
3.934896687748386940e-02
4.287028679792571906e-02
4.287028679792571906e-02
4.287028679792571906e-02
4.287028679792571906e-02
4.287028679792571906e-02
4.624075959382068640e-02
4.624075959382068640e-02
4.624075959382068640e-02
4.624075959382068640e-02
4.624075959382068640e-02
4.946388756526778202e-02
4.946388756526778202e-02
4.946388756526778202e-02
4.946388756526778202e-02
4.946388756526778202e-02
5.213436259445979049e-02
5.213436259445979049e-02
5.213436259445979049e-02
5.213436259445979049e-02
5.213436259445979049e-02
5.425662190355923231e-02
5.425662190355923231e-02
5.425662190355923231e-02
5.425662190355923231e-02
5.425662190355923231e-02
5.630231099657149324e-02
5.630231099657149324e-02
5.630231099657149324e-02
5.630231099657149324e-02
5.630231099657149324e-02
5.789006597026864764e-02
5.789006597026864764e-02
5.789006597026864764e-02
5.789006597026864764e-02
5.789006597026864764e-02
5.903151034269590869e-02
5.903151034269590869e-02
5.903151034269590869e-02
5.903151034269590869e-02
5.903151034269590869e-02
6.014786072904833303e-02
6.014786072904833303e-02
6.014786072904833303e-02
6.014786072904833303e-02
6.014786072904833303e-02
6.121808180095159035e-02
6.121808180095159035e-02
6.121808180095159035e-02
6.121808180095159035e-02
6.121808180095159035e-02
6.222568194956123316e-02
6.222568194956123316e-02
6.222568194956123316e-02
6.222568194956123316e-02
6.222568194956123316e-02
6.316540425093764011e-02
6.316540425093764011e-02
6.316540425093764011e-02
6.316540425093764011e-02
6.316540425093764011e-02
6.400904208226140812e-02
6.400904208226140812e-02
6.400904208226140812e-02
6.400904208226140812e-02
6.400904208226140812e-02
6.480425011614077135e-02
6.480425011614077135e-02
6.480425011614077135e-02
6.480425011614077135e-02
6.480425011614077135e-02
6.516910748864761238e-02
6.516910748864761238e-02
6.516910748864761238e-02
6.516910748864761238e-02
6.516910748864761238e-02
6.555937439678738432e-02
6.555937439678738432e-02
6.555937439678738432e-02
6.555937439678738432e-02
6.555937439678738432e-02
6.555937439678738432e-02
6.555937439678738432e-02
6.555937439678738432e-02
6.555937439678738432e-02
6.555937439678738432e-02
6.558588537671095064e-02
6.558588537671095064e-02
6.558588537671095064e-02
6.558588537671095064e-02
6.558588537671095064e-02
6.567216476588436103e-02
6.567216476588436103e-02
6.567216476588436103e-02
6.567216476588436103e-02
6.567216476588436103e-02
6.577307241683660877e-02
6.577307241683660877e-02
6.577307241683660877e-02
6.577307241683660877e-02
6.577307241683660877e-02
6.592432253743238380e-02
6.592432253743238380e-02
6.592432253743238380e-02
6.592432253743238380e-02
6.592432253743238380e-02
6.592432253743238380e-02
6.592432253743238380e-02
6.592432253743238380e-02
6.592432253743238380e-02
6.592432253743238380e-02
6.592432253743238380e-02
6.592432253743238380e-02
6.592432253743238380e-02
6.592432253743238380e-02
6.592432253743238380e-02
6.592432253743238380e-02
6.592432253743238380e-02
6.592432253743238380e-02
6.592432253743238380e-02
6.592432253743238380e-02
6.577871119442230130e-02
6.577871119442230130e-02
6.577871119442230130e-02
6.577871119442230130e-02
6.577871119442230130e-02
6.536982578564244639e-02
6.536982578564244639e-02
6.536982578564244639e-02
6.536982578564244639e-02
6.536982578564244639e-02
6.509776926138846620e-02
6.509776926138846620e-02
6.509776926138846620e-02
6.509776926138846620e-02
6.509776926138846620e-02
6.498689242209974848e-02
6.498689242209974848e-02
6.498689242209974848e-02
6.498689242209974848e-02
6.498689242209974848e-02
6.424945755003094727e-02
6.424945755003094727e-02
6.424945755003094727e-02
6.424945755003094727e-02
6.424945755003094727e-02
6.383723284453994562e-02
6.383723284453994562e-02
6.383723284453994562e-02
6.383723284453994562e-02
6.383723284453994562e-02
6.363136659160519015e-02
6.363136659160519015e-02
6.363136659160519015e-02
6.363136659160519015e-02
6.363136659160519015e-02
6.319818321620185309e-02
6.319818321620185309e-02
6.319818321620185309e-02
6.319818321620185309e-02
6.319818321620185309e-02
6.295530069821698993e-02
6.295530069821698993e-02
6.295530069821698993e-02
6.295530069821698993e-02
6.295530069821698993e-02
6.290810446349721918e-02
6.290810446349721918e-02
6.290810446349721918e-02
6.290810446349721918e-02
6.290810446349721918e-02
6.268124010783175659e-02
6.268124010783175659e-02
6.268124010783175659e-02
6.268124010783175659e-02
6.268124010783175659e-02
6.226605467621053325e-02
6.226605467621053325e-02
6.226605467621053325e-02
6.226605467621053325e-02
6.226605467621053325e-02
6.169370478317333373e-02
6.169370478317333373e-02
6.169370478317333373e-02
6.169370478317333373e-02
6.169370478317333373e-02
6.154309569270103447e-02
6.154309569270103447e-02
6.154309569270103447e-02
6.154309569270103447e-02
6.154309569270103447e-02
6.154309569270103447e-02
6.154309569270103447e-02
6.154309569270103447e-02
6.154309569270103447e-02
6.154309569270103447e-02
6.154309569270103447e-02
6.154309569270103447e-02
6.154309569270103447e-02
6.154309569270103447e-02
6.154309569270103447e-02
6.147150270902121405e-02
6.147150270902121405e-02
6.147150270902121405e-02
6.147150270902121405e-02
6.147150270902121405e-02
6.126276192610124322e-02
6.126276192610124322e-02
6.126276192610124322e-02
6.126276192610124322e-02
6.126276192610124322e-02
6.089524119713453365e-02
6.089524119713453365e-02
6.089524119713453365e-02
6.089524119713453365e-02
6.089524119713453365e-02
6.079968458515273844e-02
6.079968458515273844e-02
6.079968458515273844e-02
6.079968458515273844e-02
6.079968458515273844e-02
6.058179837671219536e-02
6.058179837671219536e-02
6.058179837671219536e-02
6.058179837671219536e-02
6.058179837671219536e-02
6.047017586124753263e-02
6.047017586124753263e-02
6.047017586124753263e-02
6.047017586124753263e-02
6.047017586124753263e-02
6.084200436309811222e-02
6.084200436309811222e-02
6.084200436309811222e-02
6.084200436309811222e-02
6.084200436309811222e-02
6.132897567338960187e-02
6.132897567338960187e-02
6.132897567338960187e-02
6.132897567338960187e-02
6.132897567338960187e-02
6.154881725549356253e-02
6.154881725549356253e-02
6.154881725549356253e-02
6.154881725549356253e-02
6.154881725549356253e-02
6.154881725549356253e-02
6.154881725549356253e-02
6.154881725549356253e-02
6.154881725549356253e-02
6.154881725549356253e-02
6.162077080444583466e-02
6.162077080444583466e-02
6.162077080444583466e-02
6.162077080444583466e-02
6.162077080444583466e-02
6.162077080444583466e-02
6.162077080444583466e-02
6.162077080444583466e-02
6.162077080444583466e-02
6.162077080444583466e-02
6.162077080444583466e-02
6.162077080444583466e-02
6.162077080444583466e-02
6.162077080444583466e-02
6.162077080444583466e-02
6.184004893503568245e-02
6.184004893503568245e-02
6.184004893503568245e-02
6.184004893503568245e-02
6.184004893503568245e-02
6.215942779970053123e-02
6.215942779970053123e-02
6.215942779970053123e-02
6.215942779970053123e-02
6.215942779970053123e-02
6.257945923975168079e-02
6.257945923975168079e-02
6.257945923975168079e-02
6.257945923975168079e-02
6.257945923975168079e-02
6.266005421303874612e-02
6.266005421303874612e-02
6.266005421303874612e-02
6.266005421303874612e-02
6.266005421303874612e-02
6.286694194635253363e-02
6.286694194635253363e-02
6.286694194635253363e-02
6.286694194635253363e-02
6.286694194635253363e-02
6.286694194635253363e-02
6.286694194635253363e-02
6.286694194635253363e-02
6.286694194635253363e-02
6.286694194635253363e-02
6.286694194635253363e-02
6.286694194635253363e-02
6.286694194635253363e-02
6.286694194635253363e-02
6.286694194635253363e-02
6.286694194635253363e-02
6.286694194635253363e-02
6.286694194635253363e-02
6.286694194635253363e-02
6.286694194635253363e-02
6.284482915126482494e-02
6.284482915126482494e-02
6.284482915126482494e-02
6.284482915126482494e-02
6.284482915126482494e-02
6.265614772011865452e-02
6.265614772011865452e-02
6.265614772011865452e-02
6.265614772011865452e-02
6.265614772011865452e-02
6.292057950129889554e-02
6.292057950129889554e-02
6.292057950129889554e-02
6.292057950129889554e-02
6.292057950129889554e-02
6.292057950129889554e-02
6.292057950129889554e-02
6.292057950129889554e-02
6.292057950129889554e-02
6.292057950129889554e-02
6.300163290060682708e-02
6.300163290060682708e-02
6.300163290060682708e-02
6.300163290060682708e-02
6.300163290060682708e-02
6.300163290060682708e-02
6.300163290060682708e-02
6.300163290060682708e-02
6.300163290060682708e-02
6.300163290060682708e-02
