8.759000000000000119e-01
8.778000000000000247e-01
8.807000000000000384e-01
8.856000000000000538e-01
8.914999999999999591e-01
8.992999999999999883e-01
9.042000000000000037e-01
9.110000000000000320e-01
9.120000000000000329e-01
9.140000000000000346e-01
9.130000000000000338e-01
9.091000000000000192e-01
9.062000000000000055e-01
9.002999999999999892e-01
8.953999999999999737e-01
8.904999999999999583e-01
8.866000000000000547e-01
8.807000000000000384e-01
8.788000000000000256e-01
8.788000000000000256e-01
8.817000000000000393e-01
8.837000000000000410e-01
8.885999999999999455e-01
8.924999999999999600e-01
8.992999999999999883e-01
8.387000000000000011e-01
8.377000000000000002e-01
8.407000000000000028e-01
8.416000000000000147e-01
8.416000000000000147e-01
8.387000000000000011e-01
8.357999999999999874e-01
8.308999999999999719e-01
8.249999999999999556e-01
8.201000000000000512e-01
8.143000000000000238e-01
8.084000000000000075e-01
8.044999999999999929e-01
8.044999999999999929e-01
8.044999999999999929e-01
8.044999999999999929e-01
8.074000000000000066e-01
8.104000000000000092e-01
8.152000000000000357e-01
8.211000000000000520e-01
8.269999999999999574e-01
8.318999999999999728e-01
8.377000000000000002e-01
8.407000000000000028e-01
8.407000000000000028e-01
8.407000000000000028e-01
8.377000000000000002e-01
8.337999999999999856e-01
8.279999999999999583e-01
8.231000000000000538e-01
8.172000000000000375e-01
8.113000000000000211e-01
8.074000000000000066e-01
8.054999999999999938e-01
8.044999999999999929e-01
8.064999999999999947e-01
8.094000000000000083e-01
8.123000000000000220e-01
8.172000000000000375e-01
8.231000000000000538e-01
8.288999999999999702e-01
8.347999999999999865e-01
8.377000000000000002e-01
8.407000000000000028e-01
8.416000000000000147e-01
8.387000000000000011e-01
8.367999999999999883e-01
8.308999999999999719e-01
8.259999999999999565e-01
8.201000000000000512e-01
8.143000000000000238e-01
8.094000000000000083e-01
8.054999999999999938e-01
8.034999999999999920e-01
8.044999999999999929e-01
8.074000000000000066e-01
8.074000000000000066e-01
8.113000000000000211e-01
8.152000000000000357e-01
8.201000000000000512e-01
8.259999999999999565e-01
8.318999999999999728e-01
8.377000000000000002e-01
8.397000000000000020e-01
8.416000000000000147e-01
8.397000000000000020e-01
8.377000000000000002e-01
8.337999999999999856e-01
8.298999999999999710e-01
8.231000000000000538e-01
8.182000000000000384e-01
8.123000000000000220e-01
8.074000000000000066e-01
8.054999999999999938e-01
8.044999999999999929e-01
8.064999999999999947e-01
8.094000000000000083e-01
8.133000000000000229e-01
8.182000000000000384e-01
8.239999999999999547e-01
8.298999999999999710e-01
8.347999999999999865e-01
8.397000000000000020e-01
8.416000000000000147e-01
8.426000000000000156e-01
8.407000000000000028e-01
8.367999999999999883e-01
8.327999999999999847e-01
8.269999999999999574e-01
8.211000000000000520e-01
8.172000000000000375e-01
8.113000000000000211e-01
8.084000000000000075e-01
8.054999999999999938e-01
8.054999999999999938e-01
8.094000000000000083e-01
8.113000000000000211e-01
8.162000000000000366e-01
8.162000000000000366e-01
8.221000000000000529e-01
8.269999999999999574e-01
8.298999999999999710e-01
8.377000000000000002e-01
8.436000000000000165e-01
8.465000000000000302e-01
8.475000000000000311e-01
8.475000000000000311e-01
8.446000000000000174e-01
8.416000000000000147e-01
8.377000000000000002e-01
8.337999999999999856e-01
8.298999999999999710e-01
8.279999999999999583e-01
8.269999999999999574e-01
8.279999999999999583e-01
8.298999999999999710e-01
8.337999999999999856e-01
8.377000000000000002e-01
8.436000000000000165e-01
8.514000000000000457e-01
8.591999999999999638e-01
8.660999999999999810e-01
8.719000000000000083e-01
8.759000000000000119e-01
8.768000000000000238e-01
8.749000000000000110e-01
8.729000000000000092e-01
8.689999999999999947e-01
8.650999999999999801e-01
8.601999999999999647e-01
8.552999999999999492e-01
8.534000000000000474e-01
8.495000000000000329e-01
8.495000000000000329e-01
8.504000000000000448e-01
8.534000000000000474e-01
8.562999999999999501e-01
8.601999999999999647e-01
8.670999999999999819e-01
8.719000000000000083e-01
8.798000000000000265e-01
8.807000000000000384e-01
8.866000000000000547e-01
8.904999999999999583e-01
8.934999999999999609e-01
8.924999999999999600e-01
8.904999999999999583e-01
8.875999999999999446e-01
8.827000000000000401e-01
8.778000000000000247e-01
8.729000000000000092e-01
8.679999999999999938e-01
8.650999999999999801e-01
8.630999999999999783e-01
8.630999999999999783e-01
8.630999999999999783e-01
8.660999999999999810e-01
8.709999999999999964e-01
8.749000000000000110e-01
8.827000000000000401e-01
8.875999999999999446e-01
8.953999999999999737e-01
9.002999999999999892e-01
9.042000000000000037e-01
9.042000000000000037e-01
9.032000000000000028e-01
9.012999999999999901e-01
8.963999999999999746e-01
8.914999999999999591e-01
8.866000000000000547e-01
8.817000000000000393e-01
8.759000000000000119e-01
8.739000000000000101e-01
8.729000000000000092e-01
8.719000000000000083e-01
8.739000000000000101e-01
8.778000000000000247e-01
8.817000000000000393e-01
8.875999999999999446e-01
8.914999999999999591e-01
8.992999999999999883e-01
9.052000000000000046e-01
9.091000000000000192e-01
9.110000000000000320e-01
9.101000000000000201e-01
9.130000000000000338e-01
9.091000000000000192e-01
9.042000000000000037e-01
9.012999999999999901e-01
8.934999999999999609e-01
8.894999999999999574e-01
8.847000000000000419e-01
8.807000000000000384e-01
8.788000000000000256e-01
8.768000000000000238e-01
8.788000000000000256e-01
8.807000000000000384e-01
8.837000000000000410e-01
8.894999999999999574e-01
8.943999999999999728e-01
8.992999999999999883e-01
8.357999999999999874e-01
8.377000000000000002e-01
8.397000000000000020e-01
8.407000000000000028e-01
8.387000000000000011e-01
8.367999999999999883e-01
8.327999999999999847e-01
8.259999999999999565e-01
8.201000000000000512e-01
8.152000000000000357e-01
8.084000000000000075e-01
8.044999999999999929e-01
8.034999999999999920e-01
8.024999999999999911e-01
8.054999999999999938e-01
8.084000000000000075e-01
8.123000000000000220e-01
8.172000000000000375e-01
8.231000000000000538e-01
8.298999999999999710e-01
8.347999999999999865e-01
8.397000000000000020e-01
8.407000000000000028e-01
8.397000000000000020e-01
8.377000000000000002e-01
8.367999999999999883e-01
8.347999999999999865e-01
8.308999999999999719e-01
8.249999999999999556e-01
8.192000000000000393e-01
8.133000000000000229e-01
8.094000000000000083e-01
8.064999999999999947e-01
8.044999999999999929e-01
8.054999999999999938e-01
8.074000000000000066e-01
8.104000000000000092e-01
8.152000000000000357e-01
8.201000000000000512e-01
8.269999999999999574e-01
8.318999999999999728e-01
8.377000000000000002e-01
8.407000000000000028e-01
8.416000000000000147e-01
8.397000000000000020e-01
8.377000000000000002e-01
8.327999999999999847e-01
8.288999999999999702e-01
8.231000000000000538e-01
8.172000000000000375e-01
8.113000000000000211e-01
8.074000000000000066e-01
8.044999999999999929e-01
8.044999999999999929e-01
8.064999999999999947e-01
8.094000000000000083e-01
8.133000000000000229e-01
8.192000000000000393e-01
8.249999999999999556e-01
8.298999999999999710e-01
8.357999999999999874e-01
8.387000000000000011e-01
8.416000000000000147e-01
8.407000000000000028e-01
8.387000000000000011e-01
8.357999999999999874e-01
8.308999999999999719e-01
8.259999999999999565e-01
8.231000000000000538e-01
8.211000000000000520e-01
8.152000000000000357e-01
8.094000000000000083e-01
8.064999999999999947e-01
8.044999999999999929e-01
8.044999999999999929e-01
8.084000000000000075e-01
8.113000000000000211e-01
8.162000000000000366e-01
8.211000000000000520e-01
8.269999999999999574e-01
8.318999999999999728e-01
8.377000000000000002e-01
8.407000000000000028e-01
8.416000000000000147e-01
8.407000000000000028e-01
8.387000000000000011e-01
8.347999999999999865e-01
8.298999999999999710e-01
8.239999999999999547e-01
8.192000000000000393e-01
8.133000000000000229e-01
8.084000000000000075e-01
8.064999999999999947e-01
8.054999999999999938e-01
8.064999999999999947e-01
8.094000000000000083e-01
8.133000000000000229e-01
8.192000000000000393e-01
8.249999999999999556e-01
8.308999999999999719e-01
8.327999999999999847e-01
8.407000000000000028e-01
8.446000000000000174e-01
8.465000000000000302e-01
8.465000000000000302e-01
8.456000000000000183e-01
8.426000000000000156e-01
8.387000000000000011e-01
8.367999999999999883e-01
8.308999999999999719e-01
8.298999999999999710e-01
8.269999999999999574e-01
8.279999999999999583e-01
8.269999999999999574e-01
8.279999999999999583e-01
8.327999999999999847e-01
8.357999999999999874e-01
8.426000000000000156e-01
8.485000000000000320e-01
8.562999999999999501e-01
8.640999999999999792e-01
8.709999999999999964e-01
8.749000000000000110e-01
8.788000000000000256e-01
8.778000000000000247e-01
8.759000000000000119e-01
8.739000000000000101e-01
8.689999999999999947e-01
8.650999999999999801e-01
8.601999999999999647e-01
8.562999999999999501e-01
8.524000000000000465e-01
8.514000000000000457e-01
8.514000000000000457e-01
8.542999999999999483e-01
8.562999999999999501e-01
8.611999999999999655e-01
8.660999999999999810e-01
8.729000000000000092e-01
8.788000000000000256e-01
8.866000000000000547e-01
8.924999999999999600e-01
8.953999999999999737e-01
8.963999999999999746e-01
8.943999999999999728e-01
8.914999999999999591e-01
8.885999999999999455e-01
8.827000000000000401e-01
8.788000000000000256e-01
8.749000000000000110e-01
8.699999999999999956e-01
8.660999999999999810e-01
8.660999999999999810e-01
8.650999999999999801e-01
8.670999999999999819e-01
8.689999999999999947e-01
8.719000000000000083e-01
8.759000000000000119e-01
8.817000000000000393e-01
8.875999999999999446e-01
8.934999999999999609e-01
9.002999999999999892e-01
9.052000000000000046e-01
9.062000000000000055e-01
9.052000000000000046e-01
9.032000000000000028e-01
8.992999999999999883e-01
8.953999999999999737e-01
8.894999999999999574e-01
8.847000000000000419e-01
8.798000000000000265e-01
8.749000000000000110e-01
8.729000000000000092e-01
8.739000000000000101e-01
8.749000000000000110e-01
8.778000000000000247e-01
8.807000000000000384e-01
8.866000000000000547e-01
8.914999999999999591e-01
8.982999999999999874e-01
9.042000000000000037e-01
9.110000000000000320e-01
9.130000000000000338e-01
9.130000000000000338e-01
9.120000000000000329e-01
9.081000000000000183e-01
9.032000000000000028e-01
8.982999999999999874e-01
8.924999999999999600e-01
8.885999999999999455e-01
8.817000000000000393e-01
8.798000000000000265e-01
8.788000000000000256e-01
8.788000000000000256e-01
8.807000000000000384e-01
8.837000000000000410e-01
8.837000000000000410e-01
8.885999999999999455e-01
8.934999999999999609e-01
8.992999999999999883e-01
9.052000000000000046e-01
8.397000000000000020e-01
8.407000000000000028e-01
8.416000000000000147e-01
8.416000000000000147e-01
8.387000000000000011e-01
8.347999999999999865e-01
8.298999999999999710e-01
8.249999999999999556e-01
8.182000000000000384e-01
8.133000000000000229e-01
8.084000000000000075e-01
8.054999999999999938e-01
8.044999999999999929e-01
8.054999999999999938e-01
8.084000000000000075e-01
8.123000000000000220e-01
8.162000000000000366e-01
8.221000000000000529e-01
8.269999999999999574e-01
8.327999999999999847e-01
8.377000000000000002e-01
8.407000000000000028e-01
8.416000000000000147e-01
8.407000000000000028e-01
8.367999999999999883e-01
8.327999999999999847e-01
8.269999999999999574e-01
8.211000000000000520e-01
8.172000000000000375e-01
8.113000000000000211e-01
8.064999999999999947e-01
8.054999999999999938e-01
8.054999999999999938e-01
8.054999999999999938e-01
8.094000000000000083e-01
8.143000000000000238e-01
8.192000000000000393e-01
8.249999999999999556e-01
8.249999999999999556e-01
8.318999999999999728e-01
8.367999999999999883e-01
8.397000000000000020e-01
8.416000000000000147e-01
8.416000000000000147e-01
8.387000000000000011e-01
8.357999999999999874e-01
8.318999999999999728e-01
8.249999999999999556e-01
8.211000000000000520e-01
8.152000000000000357e-01
8.104000000000000092e-01
8.074000000000000066e-01
8.064999999999999947e-01
8.064999999999999947e-01
8.094000000000000083e-01
8.123000000000000220e-01
8.182000000000000384e-01
8.231000000000000538e-01
8.279999999999999583e-01
8.337999999999999856e-01
8.397000000000000020e-01
8.426000000000000156e-01
8.426000000000000156e-01
8.407000000000000028e-01
8.377000000000000002e-01
8.347999999999999865e-01
8.279999999999999583e-01
8.231000000000000538e-01
8.172000000000000375e-01
8.123000000000000220e-01
8.084000000000000075e-01
8.054999999999999938e-01
8.054999999999999938e-01
8.064999999999999947e-01
8.104000000000000092e-01
8.143000000000000238e-01
8.211000000000000520e-01
8.249999999999999556e-01
8.308999999999999719e-01
8.367999999999999883e-01
8.367999999999999883e-01
8.407000000000000028e-01
8.426000000000000156e-01
8.416000000000000147e-01
